1.115158
-0.108609
-0.666277
-1.133445
1.202411
0.738391
1.672883
-0.290704
1.231124
-0.944574
0.439341
1.004519
-1.987906
0.421486
-0.467138
0.818809
0.159703
1.204782
1.465692
0.376121
1.552426
-1.183408
-0.888763
1.563585
-0.382702
-0.010636
-2.822987
-0.150252
0.473144
-0.202635
-0.080651
-0.090358
-2.049200
0.272510
-0.550891
0.282093
0.822215
0.145105
-2.332950
1.010780
0.209846
1.890562
1.362154
0.420978
-1.665858
-0.218552
0.459290
0.609619
1.970891
1.079808
0.776643
0.414436
0.173800
0.036542
-0.664107
-1.983854
-0.288168
1.127294
-0.579283
2.133533
-1.144810
-0.956752
-0.029468
0.950846
0.905301
0.073415
-1.194192
0.238505
-0.002846
-0.734819
-0.284183
-0.389161
1.981961
0.754707
-1.174834
0.747073
0.070251
-0.011215
-1.569910
-1.271905
-0.883530
1.566595
0.230381
0.160383
0.291328
-0.489979
0.438973
0.772244
-1.276423
-0.822186
-1.316393
0.332557
1.496626
-0.677104
1.149556
-1.831010
-0.875248
1.116184
-0.990199
-2.462167
0.715297
0.969116
1.033668
0.411321
1.149558
-1.287422
0.633664
-0.185870
-0.002880
0.941357
0.163825
-0.037143
-1.356964
-2.326903
-1.290418
-0.192273
-0.210902
-0.381581
0.333921
-0.070182
0.126838
-0.437911
-0.054114
1.503220
1.015613
2.656784
-1.290237
-0.334059
-0.110465
-1.314738
-0.796778
-1.081062
0.224207
1.565793
0.410749
0.140682
-0.009030
0.875209
0.682675
-0.086587
0.327867
0.133359
1.111417
-0.449511
0.360354
0.519910
0.730991
-1.057617
-0.070692
-0.996440
-0.149570
0.907792
1.436917
0.304309
1.428920
0.348325
-0.126310
-0.515874
0.830344
-0.273377
0.242522
-1.099390
0.921742
0.224341
-0.540613
-1.532180
-1.788081
-2.178330
1.119122
-1.188565
-0.536560
0.260925
1.298184
0.176988
0.148048
-0.778170
0.261192
0.888255
0.395997
-3.318897
0.070054
-2.504733
-0.477327
-0.690950
-0.315013
0.111496
-1.025046
0.651751
-0.016783
0.286452
1.902093
-0.290708
-2.255578
0.449916
0.073855
-1.025265
0.137839
1.903401
2.211411
0.164836
-1.320246
0.337527
0.339325
0.189267
-1.262105
1.924558
0.281590
0.292550
0.112061
-1.877406
-0.362342
0.627263
0.104695
-1.102517
0.691448
0.474228
-0.044464
-1.517747
-0.848728
-1.415467
1.246684
0.685603
1.264716
-0.632953
-1.553351
1.821188
0.604920
-0.327626
0.617807
-0.454944
-0.079073
0.885331
-0.352692
-2.010780
-1.633758
2.706540
0.821788
0.420596
-0.453542
-2.017155
-0.601661
-1.957614
1.385981
-2.772964
-0.951104
1.241476
0.479369
-0.346705
-1.674704
-0.923538
-0.959063
0.554516
-0.316702
1.270145
-0.970297
-0.588543
-0.492931
-0.038682
-0.670731
0.007503
-0.038253
1.779734
-0.834400
-0.135362
1.630465
0.374842
0.303067
-0.488400
-0.038715
0.757347
-1.253952
0.328980
-0.116769
-0.958132
0.355080
-0.876633
3.031991
0.005711
-0.888150
-0.008812
-0.276789
0.120561
0.173009
-0.389407
0.844587
1.330964
0.556186
-0.290101
-1.241464
1.107288
0.355200
0.006760
-0.587975
-1.672547
1.615118
-0.053804
0.844788
-0.422873
-0.431652
0.444905
-1.829499
-1.259689
-1.058637
-1.275870
-2.037494
1.637428
-2.391369
0.339919
1.379363
-2.233994
-0.132363
-0.543334
1.289437
0.325609
0.394088
0.678152
-3.371419
1.142493
-0.561758
0.874545
-0.622695
-1.780269
1.720689
0.530110
1.481723
1.088022
-0.239780
0.878804
0.514835
-0.490199
-0.238086
1.646869
1.141121
-0.654392
-0.228017
0.169899
1.267170
0.553689
0.314483
1.597836
-0.513019
1.129054
-1.037736
0.103818
0.403347
0.310620
-0.957647
-0.269129
-0.592243
-1.016174
0.962619
-0.367121
0.170827
0.127142
-1.077802
1.050821
1.195286
0.395791
0.870847
1.094811
0.348957
-1.375708
1.614755
1.058238
1.066274
-1.723774
0.214241
0.767937
1.206077
1.373850
-0.765447
0.256276
-0.119024
-0.703917
0.214683
-0.234816
-0.475530
1.237428
1.358221
-0.217115
0.648555
0.263192
-0.042441
0.007304
-0.528220
-0.282066
1.637865
-3.346128
0.029123
0.165578
0.981105
1.193808
0.117916
3.077394
1.795375
0.978728
0.523489
1.171261
1.050537
1.814944
0.604750
0.328247
1.396384
-0.029302
0.193112
-0.331052
-0.045464
-0.365234
-0.178918
0.073304
1.378974
-0.033300
-0.011989
-0.076478
0.110016
-0.132831
0.102789
-0.970448
-1.283917
0.652319
0.628206
0.195705
0.151637
-0.996509
-1.372102
0.233766
0.355245
-0.576734
1.237470
-0.210680
-0.372737
0.767419
0.391035
0.027393
0.642689
-1.347680
0.078922
-1.723047
-2.365447
-0.393195
-1.209187
-0.511777
-0.309695
1.360329
-0.404725
-0.954248
-0.063666
0.275824
-0.249441
0.519996
0.913399
-0.707443
0.279076
0.459475
-0.311048
0.699391
1.335881
1.162584
-0.563942
0.590701
-0.087924
0.152040
-1.225346
0.996097
-0.259088
-0.524205
-1.213323
0.532616
-0.878495
0.600583
1.218229
0.560432
-0.753193
0.092193
1.967151
1.284032
0.144588
-1.204085
0.702019
0.080500
0.047107
1.698244
0.525519
0.055754
-1.252472
0.936749
-0.480295
0.084414
-0.615218
0.281979
-0.486876
0.260201
1.180627
0.076183
1.069066
-0.242358
0.414992
-0.871885
-0.170531
0.584436
0.657376
1.078208
0.002546
-0.327894
-0.700338
0.381896
0.365563
0.342640
1.669718
0.187603
1.648326
0.220376
-0.494183
0.797375
0.998425
-0.669886
0.010442
-0.733497
0.114648
-1.205222
-1.049689
-1.112528
0.477592
0.497638
2.145201
-0.161074
2.091540
-0.547291
-1.101636
-0.927084
-1.667356
0.170417
0.607570
0.463409
1.131278
-1.195971
0.117249
-0.050411
1.907279
-0.089810
0.361751
-1.016991
0.558372
0.868269
0.018686
-0.824696
-1.371302
-1.834189
0.335724
0.920692
-1.104706
1.221913
1.695493
-0.324837
0.371834
0.306997
0.434453
1.070577
1.336846
0.130972
-1.206966
-1.623559
-1.963371
0.599967
0.126625
-0.252264
-1.318767
-0.079490
1.900807
0.366953
0.181131
0.555407
-0.121439
1.517198
2.530738
1.478716
-0.982808
1.845110
0.189530
0.300441
-1.303596
0.585461
-0.861536
-2.742599
1.306617
-0.325698
-0.041862
-0.814222
-0.514255
1.285556
0.483713
0.010361
-1.255096
0.690554
0.913830
-1.051110
0.550907
-0.704641
-1.682017
-0.439599
-0.480416
-1.215488
1.358671
1.387975
-0.296296
-0.023572
1.849404
-1.258227
-0.596871
-1.182428
-1.117582
0.669332
-0.028075
0.373307
1.002193
0.539564
-0.235608
1.896423
1.645946
1.721014
1.602935
-0.125320
-0.185355
0.365264
0.031026
-0.539465
-2.414682
-1.795647
-1.107891
-0.514026
2.483913
-0.385779
0.888482
0.777029
2.159831
-1.077162
-0.413717
0.625712
-0.187489
1.097062
-0.755338
-0.579556
-1.216007
-0.599607
-1.095196
-1.065445
2.446482
-0.938373
1.525536
0.927249
-0.832625
0.048782
2.248922
1.908359
-0.533137
-0.829454
0.173218
0.445150
0.448305
0.563887
-0.131841
1.137952
-1.331859
1.438268
0.499805
-0.235745
-0.337817
-0.431028
-1.047417
0.155091
0.301379
2.248924
1.184377
-0.098728
-0.764501
-0.278059
-0.938569
0.213533
-0.223938
-0.443033
0.954296
0.866887
0.181592
0.382829
1.060753
-0.021267
-1.151735
1.476193
0.042246
0.553221
-1.049351
-1.325044
-0.215679
0.359698
0.306590
-1.037787
0.384762
-0.800326
0.740167
0.206301
-0.820553
0.383633
1.701378
1.808300
-0.646066
-0.179457
0.216216
1.569561
-0.490360
0.177597
-0.199997
0.266934
-0.748106
-0.932369
-0.526724
1.052027
0.465009
1.083789
-0.375958
0.169146
0.248245
0.060791
0.456317
0.207765
1.233633
-1.597990
1.555659
0.527872
0.880961
0.617781
-0.778343
1.429650
0.779594
-0.238120
0.223889
1.502833
-0.575106
2.977431
1.583028
1.629102
0.142012
1.726708
-0.737237
-1.821242
-0.591763
-0.467135
-0.849500
-1.380937
0.084448
-0.723949
1.396843
-1.106550
0.024010
2.804418
0.470051
0.869494
0.491050
-0.014562
-0.570074
-0.696208
0.086852
-0.126461
1.456549
0.917314
0.319115
1.573149
-0.929342
0.357030
0.408836
-0.592348
-2.756771
2.140039
0.918500
-0.661590
-1.124947
-0.568065
0.355765
-0.310426
0.680771
0.680345
-2.629584
-0.399929
-0.008298
2.173603
1.128403
0.971911
-0.007460
-0.388191
-0.167050
-0.369128
-0.862588
1.282270
-0.067977
-0.331294
0.054983
0.461694
-1.078003
0.775442
-0.776402
0.749090
-1.363587
0.398112
0.324838
-1.035934
-1.072116
2.788336
-1.303953
-0.277950
-1.113340
-0.089649
0.964568
0.908688
-0.226381
-0.428796
-0.117271
-0.272421
0.220376
-0.486856
-0.213313
-0.545589
-2.349490
-0.732362
-1.216491
1.152645
1.993521
0.193744
0.540785
-1.005720
-0.603667
-0.125683
0.621522
-0.145166
-0.979170
-0.815128
-0.131822
-0.490130
0.060397
0.821042
-0.625398
0.286846
0.971008
-0.130320
0.339507
0.357202
1.361309
0.107370
-0.511833
0.158199
-1.328323
-0.626299
-0.443734
0.793551
1.460572
0.035177
-1.255217
0.041581
1.484276
-0.862920
-0.097996
-0.536266
-0.332866
-0.626930
1.818842
-0.011042
-1.213713
0.432546
-0.877405
0.931623
0.382740
0.861186
0.703211
0.888972
-0.563774
1.916207
0.763645
0.049255
0.160431
0.279737
-0.797461
0.553890
1.223135
0.359622
-0.183243
0.744262
0.400062
-0.742714
-0.406513
0.708695
1.374253
1.854257
-0.105567
0.262007
-1.111212
0.195805
-0.681809
-0.827639
0.986686
-0.024768
-1.433856
-0.127672
0.249269
1.633836
-1.090526
-0.560896
-0.885385
-1.399921
0.430343
-1.165948
-1.769981
-0.133404
-0.321766
-0.885939
0.425344
0.015574
-1.834711
1.270062
0.500300
2.276045
-0.775320
-0.603545
-1.812599
1.295306
-0.172672
-0.258182
-0.143917
1.061350
0.354487
2.410700
0.856928
-0.923274
-0.435132
0.202886
-1.147975
0.452901
0.309855
0.028897
-0.238750
0.239968
0.245506
1.670347
2.648134
0.827202
-0.417189
0.737524
0.875852
-1.515910
0.788696
-1.448888
-2.794281
-1.832386
0.894342
0.417650
0.262819
1.105542
0.003328
1.395945
-1.331523
0.936480
-0.134787
0.385914
-0.334066
1.456681
1.441171
0.321730
1.464126
-1.683426
1.327847
-1.505469
-0.776234
0.307610
-1.158390
0.836392
-1.875724
-2.567188
-0.228137
1.867186
-0.028026
1.336638
1.533821
-2.147006
-2.136184
0.874320
0.146078
0.604961
-0.408627
0.932850
1.316216
-0.611615
-1.096926
2.024317
0.311454
0.309301
0.101477
-0.673689
-0.782092
0.625622
0.205761
1.065888
-0.258715
0.215245
-0.607816
-0.208288
-0.112801
-0.637125
0.156085
-0.050697
0.355077
0.139227
0.548985
-1.492918
0.197026
1.180987
1.038415
-0.455585
-1.014669
2.069794
-0.025184
0.069734
0.001646
0.962584
0.499364
0.436915
-2.001770
-0.002114
-1.278913
-0.697177
-1.264676
-0.850011
-0.179920
0.150836
-0.236100
1.500453
-0.224721
1.126742
-1.325512
-0.511926
0.840502
0.147140
-0.110275
-0.757049
1.776741
0.613391
-0.454298
0.700999
0.598812
-0.991957
-0.211913
1.285111
-0.196367
1.369934
0.239861
-1.419728
0.519189
0.465104
-0.619049
1.113397
0.601887
-1.142755
0.858144
1.256034
1.528404
0.839852
-0.016934
-0.368854
0.587958
-0.281106
1.112178
-0.028375
-0.621073
-0.626127
0.355323
1.507570
0.994061
-2.337980
-0.021783
0.027454
0.171957
1.141311
-0.181636
-0.885121
-2.289578
-0.343421
-0.523384
0.321224
0.825751
0.868132
-0.229487
0.743120
1.081872
2.480967
-0.132230
-0.704888
1.700731
-0.830443
1.250508
1.203593
1.582276
-0.845965
0.535855
0.783887
0.505657
0.121405
0.036137
1.983977
0.102640
-1.253719
-0.483447
-1.475938
0.699824
-0.034312
1.895067
3.354839
-1.832641
-0.683808
1.530434
-0.317127
0.051724
0.132501
-0.760210
-0.586437
-0.451350
-0.402576
0.925422
-1.181501
-1.259662
-0.447700
-0.404672
-0.726842
0.897106
0.834352
0.509466
0.459535
-0.531206
-0.374144
-0.770466
0.491889
-0.405433
0.177824
-0.034990
-2.062848
0.084009
-1.958437
0.899926
0.441358
-1.589001
-0.188113
1.624427
-1.536190
2.126160
-0.449203
-1.216868
0.345858
-1.799743
-1.258138
-1.328315
0.817788
-0.704805
1.548749
-1.099254
-0.829532
1.502802
-2.498807
0.724944
-0.081234
-1.256765
0.825920
0.096288
-0.891043
0.372151
-0.958650
0.952889
-2.589030
-0.470929
0.550395
0.788302
0.884287
-1.272766
-0.059364
0.500611
1.495593
-0.257490
1.015133
0.830140
1.719666
-0.294480
-0.167745
-0.420522
-0.857078
-0.170167
0.737743
0.124603
-0.218500
-0.935275
0.248709
-1.290716
0.924209
0.316661
-0.919666
-2.318002
-0.645225
0.102701
2.376889
0.665863
-0.008799
-0.038734
0.927687
0.978662
-0.537105
1.695803
-0.276428
0.265287
-0.226566
0.282281
-1.362487
1.388436
0.791118
0.261503
0.577993
-0.023394
-3.948375
-1.147810
0.261735
0.969800
1.122520
0.710651
-0.642048
-1.810282
1.100610
0.482891
0.282826
0.660433
0.943426
-0.830229
0.160132
0.343424
2.079261
-0.584561
0.185305
-0.334263
0.361616
-0.227459
-2.021010
-0.970291
-0.969195
-0.097109
-1.215700
-0.751141
-1.750794
0.220814
-0.407339
1.159812
-0.857204
1.436087
-0.191247
-0.846265
-0.205781
0.895229
0.162798
-0.020951
1.058689
-0.024063
0.615548
0.166894
-0.866807
-1.088891
-0.465753
-1.176779
0.141937
-0.351490
1.915307
0.294190
-1.714702
-1.019491
0.659464
0.756332
-1.082107
2.409460
0.999924
-1.196316
-0.125279
0.405474
-0.216224
1.447621
-1.290030
-0.060130
0.443252
-0.876222
1.887293
0.417435
-0.778432
0.121712
0.646454
-0.942079
-0.383890
0.374330
-0.960473
-0.176393
0.462520
1.270100
-0.449600
-0.546675
0.770202
-1.958771
1.582064
1.320596
0.764943
-2.947712
1.025862
-0.292174
0.855338
0.847103
0.763350
0.158097
1.203429
-1.755036
1.278494
0.677063
0.099264
0.224461
0.240070
-1.914371
0.664464
1.033757
-1.586112
0.233881
0.042978
-0.024754
0.427911
-2.258208
-0.065337
1.019236
-1.322959
1.592427
-0.909941
-1.218986
1.094085
0.562340
1.022729
0.629030
0.149614
-0.203596
0.002920
1.061202
0.739720
1.154063
1.847134
-0.210544
-1.359490
-1.045367
-1.812575
-0.917217
0.142387
0.948588
0.603487
-1.364313
0.449486
-0.213017
0.579966
0.377407
0.555593
-0.019819
-2.212189
-0.176952
0.786647
-1.490298
-0.558215
0.022919
0.390807
-0.461434
-0.635426
-1.758185
-0.162747
-1.239582
-0.670692
1.642901
0.581091
-0.415274
0.111612
0.519624
-1.379888
1.242491
-1.175106
0.160487
0.684103
1.229391
0.237101
0.886991
-0.159529
-1.646354
0.912124
-0.231001
0.380346
-0.866457
0.398265
-1.508814
-2.313117
1.518478
0.398736
0.411122
0.639429
-1.125656
-0.405318
-0.039164
-0.804516
1.001884
1.269219
-1.723926
-1.014260
-0.476447
0.275008
-2.206263
0.196675
-1.039242
1.316271
-0.155856
-1.403603
0.168869
1.205118
1.536097
-0.595668
-0.674236
-0.326319
1.810146
-0.425908
1.863184
-0.262563
0.225666
-1.047790
-0.589731
0.488896
0.063433
-0.249134
-0.939336
0.968193
-0.623431
1.090084
0.185179
-0.851689
-1.099381
-0.773931
0.614677
-0.265866
-0.995868
0.978594
-1.375941
-1.842744
0.209101
0.189750
-0.203767
0.419066
0.451534
-1.067221
-0.897339
-0.698572
-0.538569
-1.042923
-0.213451
1.453631
-1.009821
-1.377062
0.109453
-1.572031
-0.125367
-1.545901
-0.073574
1.049497
-0.474888
-0.061303
0.177113
-1.025079
0.066789
1.811221
0.523536
-1.928920
-0.591873
0.297219
0.279527
0.044574
0.583580
1.532295
1.022401
2.337995
-1.006500
0.878886
0.646434
0.997988
0.155563
0.808901
-1.074592
-0.764443
0.586853
0.526759
0.193847
-0.754907
-0.029033
0.231738
0.843656
-0.313300
0.238487
0.821095
-0.037244
1.370512
-0.156027
-0.179625
-1.708450
1.404032
0.776886
-0.874395
-0.554454
-0.400974
-1.579980
-1.100132
0.070509
0.811309
-0.399713
0.962476
0.291538
0.202378
-0.567215
-0.480887
0.571470
-0.506841
-0.629632
-0.922463
-0.321293
0.304012
0.062524
-0.695085
-1.130330
-2.169248
0.632402
-1.095064
-0.289772
-0.848808
-0.029044
-1.694446
-0.084341
1.384905
-0.897370
0.837647
1.538406
0.364026
-1.380724
-2.342440
-0.561864
0.967380
1.628260
0.283561
0.587457
-0.572290
-1.190733
0.068243
-2.007304
-1.755569
0.112818
-1.798020
0.602606
-0.954412
0.032135
1.672080
-0.265438
-0.089951
0.387093
0.350791
-2.025669
0.891912
1.713120
-1.918404
0.182894
2.632796
0.567878
1.424211
-1.170904
1.677792
-0.058007
0.749966
0.863257
0.581696
-0.919913
-0.059373
0.270664
0.839965
0.693170
-0.234777
0.341503
-2.297140
-0.641444
0.424780
-0.530859
0.498596
-1.068701
-0.379303
0.047732
1.764830
-0.520278
-0.817407
-0.763152
-1.026336
-2.047793
-1.240296
1.241647
-0.865615
-0.893140
-0.013844
1.281287
-0.317714
-0.181035
0.309702
1.119488
0.876366
1.949262
-0.124963
-1.736624
1.225155
0.323430
-1.095311
0.257043
-1.088009
-0.199815
1.620967
0.233284
-1.400902
-0.949747
0.052732
-1.275244
-1.112370
1.060801
-1.315290
1.220356
-0.287849
-1.605416
0.469236
-1.125147
-1.762229
-0.558516
-0.542488
1.114573
0.168253
-0.006149
-1.775771
-0.407834
0.904221
-2.122995
1.094668
0.011532
-1.429004
-0.845599
0.286856
-0.390229
0.616118
0.707981
-0.286022
0.927424
-1.341149
0.818316
0.475707
-0.427188
-1.080619
-0.200708
0.835279
0.338057
0.348710
0.527213
-1.420212
0.511274
-0.505914
0.409268
-0.390226
-0.450480
0.158152
-0.053308
0.053578
-0.541088
-0.556293
0.441894
-1.657908
1.256168
0.852167
-0.919670
1.817434
1.529818
0.607118
-0.399721
-0.618087
0.272930
-0.124382
-0.740932
0.371898
-0.326531
0.275663
-0.000285
-0.833128
1.556832
-0.734639
0.574876
-1.052210
-1.307191
-1.326586
0.220373
1.014059
-0.989048
-0.277030
-0.463420
-1.224283
0.312847
0.374816
1.304932
0.449912
1.233331
1.203014
-0.773354
-0.862921
0.361880
-0.241623
-0.259516
1.498153
1.063262
0.404891
-1.668831
0.301916
-0.644522
1.487593
0.114715
-2.290490
0.299011
1.377138
0.268889
-0.005786
0.449216
0.330661
-0.140312
0.357956
0.547148
-1.961384
0.556513
0.774291
1.043646
-0.310738
0.161571
-0.483180
0.352463
-2.288415
-0.023283
1.206588
-1.029951
1.354320
-1.311148
0.328917
-1.805958
-1.771659
-0.326061
-1.376029
0.537213
-1.637461
0.433763
-2.956190
-0.495299
-0.199410
0.532443
-0.259823
-1.283277
1.314172
-0.459705
-0.398950
0.165418
-0.226714
-0.384621
0.666814
0.308673
1.587370
0.470489
-0.792395
0.374392
-0.182312
-3.440583
-0.967113
-0.704617
0.548507
0.252437
-0.918276
-1.981615
-1.892481
-0.169562
0.334148
0.929412
-0.256087
-0.473168
-0.081395
0.016980
-0.069441
0.813714
1.274511
1.204520
-1.640470
0.094292
1.140111
-1.622073
1.458974
-0.671505
-0.464300
-0.499212
0.872036
0.432064
1.237290
0.836220
1.819300
1.360192
-0.040867
2.059876
-0.601601
-0.020976
-0.418627
-0.105133
-1.819740
0.089699
-0.739671
-0.728685
0.624852
-0.138597
-0.245622
0.572257
0.844920
0.136010
-2.066688
-1.498024
0.010915
-0.337923
-1.475275
-0.926032
-1.440816
-0.590101
-0.598250
0.836002
0.250191
-0.741410
-0.694926
-1.304948
-0.259910
-0.618737
-0.181111
1.135342
-0.795170
-0.442039
1.364879
-2.178248
0.516467
-1.967278
-0.943400
-0.563444
0.337234
-1.229557
-0.474218
0.306520
-1.266116
0.318494
0.389147
-0.526878
0.638100
0.908339
0.325512
0.493717
0.246832
0.371783
-0.606378
0.450934
-2.551743
-0.355112
0.362541
0.101500
1.520354
-0.771234
0.006843
1.422843
-0.573842
-0.480237
1.683258
-1.076818
0.229088
-0.620272
0.136153
-0.056008
-0.363126
0.078775
-0.172858
-1.917483
0.144018
-0.645532
-0.211143
0.911930
1.653056
0.486157
0.036091
-1.054196
0.425923
-1.064762
-0.283779
0.117204
0.908756
-0.573777
0.558206
-0.005731
-0.127950
0.269549
0.377854
0.157147
0.044182
-0.055821
0.213122
1.709233
-0.055427
-1.874297
-1.365265
-0.200378
0.977535
1.802057
0.547830
-1.032109
-1.483884
-0.832980
-0.926276
-1.678001
0.349540
1.248833
1.151109
2.175312
1.358950
-1.068842
-0.258961
-0.682152
0.126890
-1.727326
-0.807763
-1.298588
0.517329
1.339154
-1.070913
-0.328148
0.382780
0.078569
0.232089
1.967700
0.212553
-0.625840
2.388542
-0.043360
1.578387
0.196637
1.418227
-0.640122
-1.739636
-1.649030
-0.161940
0.799298
1.161775
0.160730
-0.517201
-0.748676
-1.464018
1.874931
-0.317610
-1.296270
-0.143876
1.289541
1.754009
-0.198127
0.063462
-0.372061
0.853799
-0.738013
2.134778
0.826794
0.858620
-0.075810
1.119190
0.210437
0.006430
-0.507413
1.022028
1.237990
-2.802444
0.968154
-0.782935
-2.163105
-0.662665
1.110017
-0.589956
1.290239
-1.038665
-0.509600
-2.622677
0.513954
-1.051943
1.444664
1.106585
-0.066637
-0.487005
0.660397
-0.350877
0.730053
1.432987
0.251831
0.422458
-0.704443
0.724416
-0.397439
0.663842
-0.387022
-1.132210
-1.156624
0.551735
-0.819410
1.189193
1.107953
-0.990485
-0.738649
0.260344
-0.344121
-1.463431
-1.206505
-0.137568
-0.265693
1.472405
-0.292946
-0.125974
-0.707527
-0.140929
-0.690311
-0.537784
0.516022
0.527061
0.946450
-1.792434
0.709911
-0.020089
-0.302944
-1.397843
1.135589
-1.821628
0.591657
-0.239771
-0.422602
-0.010184
0.372885
0.247537
-1.057676
0.622502
0.045692
0.822437
0.974295
-0.677772
-1.510981
1.114339
0.938382
0.334246
0.347892
-0.377978
-0.755091
0.309328
1.415576
-1.536171
0.671590
-1.144422
0.879693
-1.787962
-1.311422
-0.024568
-0.990586
0.186490
-0.013050
-1.312353
2.995275
0.007942
-0.063371
-0.437409
-0.784085
-0.714071
0.701274
0.882742
-0.552962
-0.603197
-1.161554
0.623840
-1.090974
-0.273090
-0.268102
-0.172703
0.658211
0.105534
-0.144216
-3.029844
-0.720600
0.222588
0.602361
0.293900
-0.281873
-0.011570
0.112394
-0.395423
0.334873
1.310785
0.981345
0.016617
-0.189655
-0.729187
0.927538
1.336193
-2.236848
-0.246517
-0.426286
-2.517108
-0.670048
0.386720
-0.962940
-1.606584
-0.329414
0.454031
0.951694
-0.712474
-1.695447
1.065104
-1.632522
1.040849
-1.949396
-0.590976
-0.079281
-1.362751
-0.562957
0.997948
-0.618736
0.471641
0.119468
-1.923621
0.320181
0.456134
0.445302
-0.517147
-0.032740
-0.144198
-1.615637
-0.181066
-1.119209
0.004870
-1.282292
0.643737
-0.525183
1.614952
0.451977
1.153320
0.748842
-0.434444
-0.411832
2.020382
-0.393922
0.150343
1.807777
0.790652
1.041365
-0.527042
-1.304015
-0.033341
-0.399472
-0.317358
0.503283
-2.233939
0.166783
0.740252
-1.817567
1.691040
1.576466
-0.962402
-1.620774
-1.008077
-0.649416
-1.322677
-0.685664
2.040152
-0.377140
1.226401
0.911444
-0.858473
0.425817
-0.061207
0.745993
0.070090
2.081698
0.505287
0.004939
-0.310426
-0.487010
1.041552
0.370527
2.429050
0.185417
-0.237475
-0.117324
1.227572
-0.399330
0.617792
0.021582
0.488391
0.886440
0.211670
-1.292354
-1.054703
-0.356556
-1.836996
1.079623
-1.737607
-0.215995
-0.283094
-0.231792
-0.376624
-0.434763
-0.740317
1.616577
-1.107340
0.104123
-0.254221
-0.141226
0.392718
-0.959802
1.978541
-0.136320
1.200052
0.676146
-0.688207
0.252177
1.640483
-1.069500
-0.354651
1.098166
-0.391584
-0.385013
0.478687
-0.454369
0.492433
0.687036
-0.856543
-0.995739
0.033644
0.734597
0.233518
0.683401
1.060877
-0.848532
0.604929
0.823234
0.270505
0.092580
0.114063
-0.882740
-0.431157
0.543342
-0.254030
-0.106848
2.240155
0.425849
-1.189402
0.784683
0.418598
-0.641883
-0.544298
0.054092
1.411906
-0.893443
-1.179497
-0.309338
3.070046
0.562933
2.275243
-1.636349
1.054534
0.417640
-1.607870
0.127963
-1.067074
-1.749992
1.738762
1.052486
0.152727
-0.727702
0.045945
-0.563827
0.328990
0.164815
-0.437086
0.883464
-0.229220
0.937420
0.542611
-1.472155
0.047408
0.740980
-0.818849
-1.428545
-0.226071
-0.738410
-0.145180
-0.907904
-1.210014
-1.289226
-0.211640
-0.334455
0.145501
-1.214010
-0.542880
1.202489
-0.112923
-0.209740
1.136831
-1.942084
-1.756035
-0.429799
0.750354
-0.648737
-0.477174
0.035584
0.541002
0.641507
0.731672
-0.960766
-1.219684
-0.376669
0.566003
-1.390436
-0.364739
-0.010653
0.626388
0.802084
-2.816018
1.316344
0.644926
0.663185
0.510166
0.641572
1.116712
0.940484
-0.961927
0.130220
-1.413715
0.577124
-0.926958
-0.566484
-2.251184
0.632176
-0.366646
-0.147861
-0.711872
-0.181214
-0.222179
-1.580366
-0.815031
-0.942740
0.539191
-1.295859
-0.022442
0.894578
0.260555
0.443574
0.028520
1.077878
1.012545
0.568785
-0.526551
0.957118
-0.518947
-0.720843
1.010089
-0.883465
0.201379
0.133409
1.229642
0.187174
0.242884
-0.384528
-0.371319
0.031079
1.019598
0.828819
0.638532
-0.686091
-0.884285
-1.547967
-0.058791
-0.063113
-0.597565
1.312300
-0.408820
0.660373
-0.026744
0.245013
-0.784914
-0.382360
-0.572887
0.165464
1.817752
-0.131581
-0.158039
-1.027636
-1.011251
-0.889897
0.031792
1.511830
-1.831599
-0.189627
0.673661
-1.049733
1.727666
1.031133
1.056118
-0.973836
-0.701357
-0.930643
1.382407
-0.614983
0.021131
0.436447
-0.545389
1.120315
0.872133
-1.275638
-0.433088
-1.088106
-0.860768
-1.569269
-0.986775
1.274748
0.289913
-0.052546
1.466255
-0.088431
0.996239
-0.274326
-0.032880
-1.885072
0.741900
1.468635
-1.332783
0.775803
-1.623024
-0.464799
0.978282
1.687033
2.184230
-0.487505
0.069137
-1.445449
0.843745
1.678309
-1.666380
0.227311
-0.193312
-1.498553
-0.519180
1.624448
-1.738143
-1.019690
-1.574129
-0.309877
0.662119
0.308086
1.114732
0.259532
-0.964080
0.367049
0.458703
0.038625
0.876061
2.066693
1.963279
0.226410
1.219404
-0.899678
0.156085
0.576911
-0.982024
0.201211
-0.662694
-0.780361
-0.381183
-0.292977
-0.020566
0.147574
-0.612461
0.109290
-2.564571
2.131449
-0.928273
0.413987
0.849603
-0.617310
-0.055712
-1.865904
-0.662303
0.079295
0.550266
0.262587
1.080236
0.711884
0.578536
0.690827
0.156343
1.127156
0.359549
-0.426548
-0.644359
-1.409048
0.490649
-0.034280
1.232971
-0.994766
0.063273
0.037286
0.171213
1.615277
0.003200
-0.489231
-0.453905
-1.019513
0.402056
0.550415
0.564824
-1.588442
-0.007517
-0.452009
0.944034
-0.532267
0.344118
-0.373951
0.378490
0.621073
0.066610
-0.480463
-1.067256
1.416439
0.133433
2.108877
-0.036818
-0.052087
0.095665
-0.473495
-0.103319
-0.500465
0.392173
0.012248
-0.183975
1.261276
2.648875
1.185345
-1.184856
0.995177
-0.038759
-0.564914
-0.840101
-0.108936
-0.160930
0.517145
0.422935
0.991160
0.392405
0.746586
-0.396233
-0.948078
1.164375
-0.355863
-0.462762
-1.376096
0.358597
1.517715
-1.056725
-0.903866
-2.190767
1.825883
-0.159019
0.170336
-0.454815
-1.890281
-2.020305
-0.240970
0.274452
-0.429785
0.620509
1.680266
1.357881
-0.987913
0.291613
0.098887
0.408349
-1.024448
-1.189621
-0.542172
0.195794
-0.354624
0.670880
1.005658
-0.619316
-0.636062
0.873670
0.084548
0.613457
-0.699478
0.885284
0.592380
0.308252
-2.197668
0.809771
-1.265742
0.602373
-0.297576
-0.150419
-1.293882
1.686083
-0.353293
-0.356375
1.877373
0.051947
1.557300
0.567912
-0.168092
-0.056015
0.680138
-2.891538
-0.609766
1.749956
-0.718328
-1.820934
-0.322561
-0.370563
-0.598269
-0.436098
-1.308621
-1.001343
-1.204069
0.604059
-0.545357
-1.945707
0.222314
1.304446
0.456006
0.650740
0.252959
-1.319425
-1.284178
2.015543
-0.919652
-0.343690
0.429452
-1.067477
1.571481
-0.212709
-0.257268
0.898069
0.066394
1.644387
0.871882
-0.929961
0.270303
-0.556313
-1.296836
1.420528
1.542853
-1.152923
0.782737
1.481724
0.532903
-0.749072
-0.952627
0.040486
0.079977
0.823612
0.687552
-0.982362
-0.108521
-1.746948
1.375653
0.726674
0.620925
1.257903
0.637379
-0.463898
0.656546
-0.000179
-0.096235
-0.731631
-0.876958
0.636297
-0.506371
1.839434
1.177997
-0.092897
0.057445
1.191975
0.456866
0.593321
0.977290
-1.083111
1.070525
1.295468
0.924622
0.274215
-1.102739
0.019574
0.751322
-2.349805
0.243914
2.156029
-0.662863
-0.256545
0.569595
0.573355
-0.206148
0.036887
0.077017
-0.955483
-1.762195
1.116296
0.289407
0.582576
-0.116462
-0.029426
-0.764401
-0.849509
1.206794
0.950348
0.715105
-0.923376
-0.300718
-0.365720
-1.957902
0.645621
0.702460
0.096459
0.688069
1.041342
-0.435853
-1.399520
0.437315
-1.747209
2.418288
0.198798
0.001468
-0.666860
-0.871725
-0.741141
0.556774
1.254259
-1.244789
-0.406598
0.574578
-0.034056
-0.250316
2.042165
-0.778577
1.046910
0.497012
1.874460
1.378229
1.557289
-0.551634
-0.178220
-0.167632
-0.216887
-1.386340
-0.545344
-1.005968
0.746943
-0.711558
-0.532350
-1.176755
1.047219
1.713106
-0.537887
2.154526
-0.278938
0.774229
-1.131332
-0.137481
-0.556245
-0.194307
-0.500574
-1.014003
-1.145984
2.229665
-0.058631
0.758946
0.597273
1.708861
-1.734963
-0.855643
-0.368644
-0.444026
0.179335
-0.804184
-0.956435
-0.542266
0.765826
1.515219
-1.182456
-0.400535
1.233821
2.149125
1.162931
-0.351071
-0.772436
-1.171334
-0.534216
-1.563015
-1.192076
0.259115
-0.149908
0.211671
-2.746177
-0.156483
-0.036419
0.952569
0.130294
-0.293203
-0.807631
1.545917
-1.161246
-1.669969
0.065806
-0.821580
-0.216577
-0.495705
0.384810
-0.140915
-0.909946
-0.440337
-0.504288
0.911480
-2.979765
-0.023272
0.036810
0.021463
-0.535044
0.150345
0.699236
1.048065
-0.793157
-0.199921
-1.093066
0.165724
-0.650819
-1.576027
0.442168
-1.115435
0.935700
2.143143
0.598807
-0.536481
-0.794291
1.559702
0.950239
0.786794
1.746530
1.044705
1.464849
0.036851
-0.779885
1.037048
0.042582
-0.954181
1.126802
0.297593
0.167364
-0.002147
0.311582
-0.197996
0.404927
0.182492
-0.979095
0.158946
-0.445786
-0.233656
0.224957
0.038868
0.167140
0.169883
-1.093654
-0.508209
-0.114540
1.581932
0.294042
-0.139996
0.743984
-0.115760
0.264798
-0.190313
-0.361079
1.287663
1.281852
-0.757580
0.012455
-1.274204
-0.016965
-0.217052
0.572503
-0.419109
-0.669439
-1.356939
-0.714917
-0.017196
0.072074
-0.207105
-0.660767
1.234339
-2.283958
0.142476
-1.170123
1.766236
1.493679
0.239071
-0.486831
-1.676342
0.246703
-0.404672
-1.297193
-0.206021
-0.820069
-1.714746
0.131637
0.150361
-0.877249
0.233293
-0.159167
0.430300
-0.764454
-0.487761
0.144648
-0.104453
-0.042613
-0.802835
-0.860429
-0.875379
-1.175317
1.006535
0.006877
-0.528143
0.195562
-0.881381
0.120911
0.388383
1.255654
-0.245270
-0.228422
0.804021
-0.534217
-0.265352
-0.802585
-0.909395
-0.172165
1.164237
1.176426
0.809689
-0.336305
0.591411
-1.099335
0.943540
-0.716279
0.224248
0.237504
0.173782
-0.113966
2.582196
-0.477280
-0.059336
0.030595
-1.615555
-1.434075
0.636045
0.441735
-2.831580
1.656838
-1.035923
1.478943
0.497488
0.377815
1.345677
-2.377192
-0.481261
0.711982
0.543797
0.228639
-1.344637
-0.023339
0.111841
0.235881
-0.797014
2.033977
-0.029420
2.174600
-0.912681
-0.619546
0.636412
0.995639
0.601188
0.883062
0.543743
-0.659813
0.129923
1.118355
0.519149
0.683980
-1.077327
1.576419
-1.355068
0.677389
-0.189513
2.036008
-0.796895
1.065877
-0.356930
-0.199049
0.452404
0.225408
-1.351376
-0.534015
1.195029
0.774897
1.117093
-0.233950
1.783452
-0.011358
-0.765742
-1.194944
-0.427049
0.836781
0.104733
0.769050
1.547391
-1.712230
-0.763269
-0.252995
-1.162544
-0.119920
0.642249
-1.125904
0.484796
-1.287190
-0.694156
-0.305108
1.421578
0.328949
-0.591982
0.210479
-0.823116
1.404413
-2.381073
1.411133
0.289915
-0.784240
-0.136564
0.236354
-2.217389
-2.016526
-0.924279
2.920163
0.070205
0.691352
-0.293151
0.426521
-0.145535
0.561971
-0.166897
0.454546
-1.525985
1.961396
0.894193
-0.536720
-0.285426
0.815175
-0.222556
1.311206
1.381448
-1.433547
0.220798
0.028636
2.110196
-1.826045
1.938045
-0.559821
-0.096633
-0.272296
-0.107901
-1.915910
0.866429
-0.598371
0.877862
-0.269700
1.695683
0.142750
-1.537820
-0.796631
-1.027288
-1.680312
1.355449
-0.761788
-0.434927
0.172294
0.885629
-0.952274
0.371302
-1.480536
0.611284
-0.080121
-0.483892
1.250121
-0.287453
-0.669273
-1.476564
0.056388
-0.979517
1.002249
0.687633
-0.955167
1.493859
-1.059352
0.483921
0.812338
0.267449
0.046327
0.161108
0.766639
1.473832
-1.147854
-0.096513
-1.471600
-0.133379
0.074847
-0.168713
-0.180446
-1.710457
0.256580
0.654792
1.373465
0.996886
-0.695929
-0.136791
0.260139
-0.285721
-1.756561
-1.110980
-0.283803
-0.607628
0.812761
-0.604021
1.072166
-0.036955
0.860376
-1.536938
-2.010666
-0.398731
-0.523658
0.886486
0.492585
1.169057
0.762725
0.188075
0.393515
-0.554867
-1.508742
1.292115
0.481179
0.129797
0.177410
-0.794826
-0.680876
-0.459296
-0.095232
0.139983
-0.319035
-1.268313
-0.061481
1.511148
-1.569048
-0.071423
-0.388464
0.470688
-0.916654
1.097379
0.657777
-2.098929
0.314739
0.625287
-1.373334
-0.774890
0.294371
1.428550
0.411030
0.073951
-0.066441
-0.498254
-0.217489
-0.426848
0.305873
-0.761524
0.823514
-1.705916
-0.987145
-0.205805
1.262855
0.906706
0.719952
-1.245202
0.308875
-1.307871
-0.424582
-1.032314
0.240131
-0.430081
1.075307
-0.552805
-0.615990
-0.315591
0.736834
0.479922
0.053377
1.345249
0.281044
0.085066
0.922737
0.221151
0.179870
-0.432380
0.855497
-1.146123
-0.831000
0.624197
0.928337
1.042993
-0.915603
-1.720217
-0.226860
0.242986
-0.204928
0.175725
0.146576
-0.304797
-0.562459
0.803313
-1.248506
-0.343183
0.778502
0.611291
-1.398197
1.315850
0.997525
-0.314110
-0.710205
0.729439
1.048369
3.504673
0.227741
-0.017797
0.187866
-1.740812
1.473752
-0.290287
-1.177638
-0.610998
-0.121480
-1.556117
0.778843
1.598402
0.607351
0.547819
-1.476836
-0.247510
-0.527957
0.204777
-0.511229
-0.510489
-0.079247
0.917601
1.674483
0.209659
1.300021
-1.516491
-2.153503
0.633699
1.087494
0.503285
0.684450
0.126857
-0.043585
-1.368738
0.256133
-2.251611
1.339021
1.413495
0.369586
-0.869872
0.676938
0.215965
-0.675802
-0.325845
-0.609248
0.555867
-0.298073
-1.383471
-0.084025
-0.426128
-0.964671
-0.170542
-1.543179
-0.422419
-2.170057
-0.766498
0.925286
-0.273335
0.675200
-0.183405
0.311697
-0.573165
-1.067138
0.805545
-1.813987
-0.246415
-0.971440
-0.245154
1.456293
0.066092
1.033157
0.137276
-0.614728
-0.927081
1.859707
0.762165
-0.583297
1.655949
0.257207
1.333081
-1.237291
-1.503377
-0.148129
0.253728
0.423399
0.955980
0.558649
-0.349416
0.334582
-0.718414
-1.769483
0.251797
-0.058909
0.530389
0.327972
1.159851
0.941030
1.439705
0.789967
-1.779499
-1.379450
1.249527
0.239833
-1.029810
1.223315
0.553269
-0.252494
1.886258
-0.124174
0.082935
0.550118
-1.323526
-0.472620
1.350686
0.918990
-1.080826
-0.496918
-1.075287
-0.159724
0.077509
-0.307413
-0.159117
0.224472
0.377079
0.517699
-0.891535
0.075259
-0.664990
0.494288
0.227650
0.728610
-0.921731
0.854040
-1.509246
-0.200953
-0.526829
0.619979
1.033643
1.830343
0.582509
0.168105
-0.613078
-0.092026
-2.089898
-0.429161
0.214911
0.303310
-0.212676
-1.075923
1.531540
2.298406
-0.528260
-0.255981
-1.565146
-1.812750
-0.254042
0.565419
0.642182
-0.667649
-0.539030
1.271250
0.426403
-0.273775
0.491495
1.931048
0.244317
-0.800629
-0.471129
-2.027195
0.171946
0.275514
0.902765
-0.478897
-1.553954
-1.021451
-0.713018
-0.016572
0.138466
-0.940422
0.512101
-1.029957
-2.405357
1.795653
0.099963
0.771997
0.014904
1.751014
1.797234
-0.888460
0.191584
2.260087
-0.485040
0.853595
-0.659714
0.843063
0.116968
-0.047294
0.016177
1.378572
-1.397718
0.316364
1.879170
-0.276109
-0.882560
-0.211183
1.454438
0.553450
0.769911
0.475085
0.593890
0.339305
-0.898620
0.195313
-1.377218
0.180400
0.337127
1.109628
-0.687742
0.480959
0.505169
-0.002536
0.483495
-1.064989
-1.055597
-0.546995
-0.661529
-0.239201
-0.063405
0.992144
-0.642953
0.729890
0.817805
-1.537984
-0.045068
-1.487520
-0.283776
-0.000439
1.191318
-0.676784
-0.168352
0.641334
1.522464
1.799592
-1.782376
0.573491
0.348657
0.178886
-0.116753
-0.323149
-0.057902
1.266838
-0.908935
0.030301
-0.593922
0.555398
0.727213
-0.813731
-0.927469
-0.297914
-1.706553
0.620732
-1.442155
0.050732
-0.152448
0.594563
0.257229
-0.299257
0.727773
1.231852
-0.105178
0.968533
-1.380957
-0.066524
0.658222
0.736595
-1.190698
-0.393990
-0.458189
-0.572361
-0.709560
0.209185
-0.710460
0.039464
-0.591225
-0.466955
-1.867494
-0.224837
1.729100
0.094100
-1.276279
-0.917161
2.295556
0.543816
-0.265173
-0.761922
0.308525
-0.592122
1.777547
1.715479
1.905067
0.821419
0.520417
-0.119219
-0.390707
-1.008402
-0.538965
0.366216
0.664110
0.737230
-1.241338
-0.716740
-0.168587
1.086352
0.226684
2.047318
0.578875
1.827079
-0.219804
0.807515
0.216957
-1.330458
0.168036
0.327817
-1.313404
1.201545
-0.674666
0.653627
-1.633744
-0.451171
0.842666
-1.242558
0.523661
-1.019802
-0.242638
-0.821519
0.615543
0.262115
-0.725841
1.075860
-0.664079
-0.782586
0.266817
1.154906
-1.138069
-0.303012
0.484622
0.682533
-2.402243
-0.766817
-0.136131
-0.199718
-0.443327
0.834290
-0.686025
0.549150
-0.870322
-0.144542
-0.414002
0.408506
-0.399786
0.469969
1.005349
0.409057
0.132717
0.401774
1.195494
1.338169
-0.293783
1.091620
-0.699019
-0.099334
1.619106
0.499124
-0.113788
-1.435716
1.087634
-0.086176
0.312414
-1.103066
-3.122204
-0.502102
0.230356
0.047108
-0.804980
0.078541
-0.321306
1.325949
0.407522
-0.473857
0.881544
0.032826
1.233553
-0.770904
-1.324192
-2.165978
-1.019737
0.196865
0.773845
-0.313522
-1.770743
0.917800
-1.377579
0.166946
-0.051281
-0.075277
0.460716
-0.531380
0.458089
0.800037
-0.236817
0.277411
1.208420
-0.567059
-0.360400
2.215547
-1.000574
0.202731
-0.196820
1.845291
-0.859348
0.160028
-0.079732
-0.577615
-1.776484
-0.206543
-1.079655
0.917476
0.583933
-0.060987
0.226141
-0.648413
-1.108993
-0.309850
0.820472
-0.323601
-0.203407
0.197929
-0.461083
0.437598
1.544776
2.089101
-2.607063
0.217997
1.607735
0.510722
0.382195
-1.333723
0.825158
-0.433532
-0.517917
-0.719179
-0.378889
0.109388
0.400776
-1.717268
-0.611906
1.191425
-0.966160
0.504020
0.629782
0.254154
-0.982832
-0.663074
-0.357336
0.421897
-0.170339
0.035480
0.423636
-1.267410
-0.050458
-1.507017
-1.040335
1.852129
0.683437
-1.307280
0.553296
-0.728996
-0.779225
0.999845
-0.413786
-0.570090
-1.139679
0.748269
-1.143187
-2.200264
0.473976
-1.714076
-0.656266
-0.043042
0.608493
-0.313280
0.669866
0.013026
0.216138
1.463603
-0.735997
-0.487200
1.162876
-0.367809
-0.489037
0.294775
-0.770367
-0.295243
0.849638
0.989736
0.373184
1.153483
-0.097833
-0.320367
1.189676
-0.927888
-0.323527
-0.112975
-1.174231
-0.638858
-1.892713
0.819830
0.036507
-0.824381
-0.758272
1.332368
-0.511870
-0.240193
1.044250
0.925260
-1.099331
0.353177
-1.722169
-0.393264
-0.224698
0.054192
0.378685
-1.287437
-0.620070
-0.311003
-0.867991
0.909558
-0.423523
1.234767
-1.350088
-0.215974
0.219830
-0.628922
1.248837
0.008268
0.189112
-1.897451
-0.990222
-0.907777
0.057388
0.093799
-0.987015
-0.543533
-0.264141
0.510351
-1.691595
0.167211
1.094558
0.084366
-1.648552
-0.827494
-0.867591
-0.605699
-0.135879
0.902704
0.514865
1.460400
-0.292646
0.933241
-0.145628
1.496192
-0.130269
-2.088120
0.888863
-1.064058
-0.661200
0.518685
1.508333
0.192990
0.903136
0.117193
-0.216969
0.782682
-0.977542
-1.672146
0.376337
-0.784344
-0.626343
-0.154687
1.571282
-0.259442
-0.648641
1.097309
0.515764
0.936497
0.245447
0.217903
-2.128511
0.268905
0.547679
-0.650969
-0.268806
-0.810842
-0.700181
0.004087
-3.343489
-0.494852
0.499912
0.662988
0.035973
-0.018492
-0.516108
0.295777
-0.543379
0.503521
0.763565
0.321879
0.202358
-0.144577
-1.385314
0.387171
-0.122216
1.411799
-1.429447
-0.066658
0.979199
-0.047266
1.441430
-0.343792
0.010430
-0.244051
0.833226
1.949808
0.913250
0.857723
-1.292744
0.256075
-0.916383
0.926356
-0.294012
0.713541
-1.544834
-1.484585
-0.500425
-1.319077
-0.039552
0.716039
0.602459
0.315391
-0.151871
2.684223
1.024138
1.299323
0.798150
-0.102717
-0.262565
0.317146
0.696755
0.227327
0.006635
-0.620920
0.448900
-0.849112
-0.425195
-1.804483
0.200922
-0.762640
0.035979
0.382494
0.443236
-0.300591
-1.065719
0.469842
0.257905
-2.303999
0.605449
0.351013
1.095206
-1.540691
-0.726372
-0.002020
1.684766
-0.433590
1.582837
-1.109969
-0.051244
-0.614150
1.502916
-1.035616
-0.680778
-0.523261
-0.503768
0.118905
1.925810
0.293447
0.369717
-0.707752
2.386419
1.795811
0.804708
-1.068078
-0.313245
-1.058119
0.093384
1.076540
-0.653306
1.821936
-0.615889
0.380579
-0.391394
-1.465857
1.721075
-0.567145
-0.595036
0.631057
-1.580989
-1.249838
2.436913
-0.679793
0.742831
-1.042427
-0.137657
1.288498
1.045395
-0.018159
-2.983277
0.452883
1.470490
-2.732003
2.542759
0.439711
-0.488104
-2.439080
-1.267281
0.304331
-0.228925
0.851792
1.917848
0.971878
-0.693549
-2.568871
0.633977
-1.350243
-1.371787
-0.489000
1.898017
-2.384884
-0.378531
-0.656656
0.257423
-1.142654
0.745367
-0.801490
-0.251088
0.880565
1.091942
-1.085819
1.734429
0.797473
-0.561944
-0.278351
0.574240
0.778598
0.667077
1.755999
0.339969
1.266013
0.045136
-1.167891
0.476052
-1.636317
0.257286
1.269502
0.429452
0.241531
-0.423856
1.045228
0.008652
-0.173035
-0.299169
-0.422398
-0.460272
-0.275336
0.597188
-0.517693
-0.538529
0.592926
-2.019818
0.147755
-0.322200
-1.078125
0.158992
-1.014485
-1.134741
-0.568677
0.306991
-0.823870
2.013789
-0.212795
1.820347
0.366593
-1.070879
0.149092
1.074925
1.462077
1.340616
0.982298
-0.425941
1.245751
0.691826
0.432882
-1.416580
-0.937189
-0.329785
1.046750
0.136947
-0.402927
-1.304775
0.473088
-0.248101
-0.351438
0.241160
0.403633
0.412306
-1.502115
0.023022
-1.383050
0.145599
0.494403
0.860672
0.789281
-0.258724
1.099775
0.289929
-1.874139
0.326592
0.051766
0.198641
-0.847153
1.153468
-1.391512
2.395844
-0.646799
1.314847
-0.632745
1.019309
2.574410
0.292336
-0.403030
-0.651847
1.693762
0.969667
-0.383092
-0.020607
-0.618154
1.798146
0.808659
0.602765
0.860357
0.090637
-0.374151
-1.817064
0.384256
0.045978
-1.722362
-0.765420
0.940754
-0.372805
0.748947
0.185716
-0.139521
0.737690
-1.561171
0.202407
-0.084161
0.419694
-0.959619
0.370369
-0.894952
0.631030
-0.117498
0.699036
-0.752469
0.537935
-0.188120
1.427451
-0.231380
-0.444742
0.925971
-0.894325
-0.009243
-0.162358
-0.662554
-1.841498
0.267837
-0.406880
1.323206
-0.426207
-0.517388
0.096695
-1.189872
-0.944167
-0.017550
0.150676
-1.449821
-0.294784
-1.176302
1.653069
-0.022521
0.818605
1.063815
-1.046850
-0.317223
0.213849
1.828742
0.654075
0.374125
0.179747
-0.290851
0.816156
0.413174
0.078037
0.538826
-0.757064
-0.619213
1.426800
0.551401
-1.319328
-0.464639
0.829759
0.358997
0.230859
0.630269
1.466560
-1.135410
0.012798
-0.126041
-0.214525
1.633992
-0.316857
-0.260371
0.376188
0.008801
-0.973972
-0.642217
1.417271
-0.655942
-0.977478
0.463837
-0.744053
0.157312
1.378345
-0.484762
-0.092238
1.848803
-0.539272
0.173300
-0.750076
1.385589
1.341958
-2.585599
1.361190
1.694161
0.556113
0.114319
0.773628
1.569004
2.143907
2.330158
0.815828
0.486039
-0.193324
0.812237
-0.419148
0.340154
1.121768
-0.153494
1.121990
-1.474620
0.245465
-0.715737
0.399153
1.477508
-0.048605
-0.559995
-0.153741
0.407715
-1.004794
0.059130
1.441150
0.856039
-0.007962
-0.395908
1.498387
0.961503
-1.537692
-0.704718
-0.555879
-0.750588
0.094020
0.365651
-1.328550
-1.203093
1.221430
-0.292608
1.283497
0.481264
-1.187937
-0.865675
-1.394196
0.619393
0.156032
0.106064
0.919998
0.276732
-0.621796
1.043479
0.033674
-0.290992
-1.243930
-1.460542
-1.128586
-0.938600
0.095143
-0.020815
0.277133
-0.413974
-0.073473
0.487884
0.634960
-1.093122
-0.236767
-0.405943
-0.492440
1.332576
1.722255
-0.556244
0.958861
-0.996372
-1.017421
-1.602792
0.661579
0.229067
0.450656
0.246062
0.486021
0.485411
-0.717012
0.545489
-1.315607
-0.051460
0.394531
-1.662817
0.287011
0.396691
0.612321
0.595617
0.842208
-0.065834
1.351295
-1.508118
-0.428276
-1.331754
0.591560
0.587707
-0.748416
0.526543
0.524874
-1.470994
-0.266943
-0.488632
1.733367
-0.065231
1.352742
2.183822
0.306381
-0.296772
0.626069
0.853688
-1.016199
0.141005
-0.672181
0.820532
-1.806273
-1.127895
1.612485
-1.686493
-1.379796
0.711077
-0.305732
-0.351544
-3.054962
0.878038
-0.754450
-0.520189
1.282982
1.278554
0.559008
1.377217
2.338084
-0.976236
-0.661630
-1.065053
0.105401
0.151693
1.018128
1.040454
0.195795
0.900281
0.254663
-0.105113
0.696976
0.214153
0.030736
-2.116036
0.818626
-0.215080
-0.488505
-1.014540
0.276006
-1.274489
1.124531
-1.127275
-0.882078
0.418411
-0.297790
-1.387219
-0.535179
0.831083
1.845528
2.164739
-0.520942
-0.744485
-0.547567
1.016804
0.014024
-0.959211
0.554762
-0.505809
1.469482
0.656503
-1.195390
-0.954886
-0.412389
-0.301631
-0.903608
2.373768
0.684945
0.087502
0.037823
-0.072710
0.558238
-0.436223
-0.873635
1.544172
-0.531191
0.468633
2.010315
-1.799219
-0.556116
-0.225495
1.665409
-1.412267
-2.233137
0.653059
0.686081
-0.131684
-0.119450
-0.659150
-0.770753
-0.591501
1.482589
-0.265861
-1.338563
-1.046067
0.160736
0.975919
-1.069418
-1.350927
0.495023
1.061866
1.683902
1.060969
1.895354
1.794673
0.244843
1.531313
-1.096683
-1.760780
0.936148
0.381927
-0.497206
0.019583
-0.402020
1.057427
1.794742
-0.511195
0.166403
0.475261
1.875239
1.041134
-0.956971
1.255942
-0.336332
-1.312475
0.213719
-0.039159
0.740144
0.843802
-0.516506
-0.484117
-0.249405
0.973757
-0.487799
0.003133
0.374437
-1.998132
-0.390880
0.936065
-1.007789
0.231099
-1.213881
-0.900329
0.342994
-2.434054
-0.522801
-0.809552
1.702642
-0.099748
-0.177110
0.949917
0.274914
-0.153058
0.229503
-0.660075
-0.699947
-1.316395
-1.694373
-0.904795
0.471559
0.642998
-0.863925
-0.085005
1.229452
0.825535
0.233484
-0.087222
1.071860
-1.637347
0.025704
-0.574882
-0.262777
-1.032598
-0.167011
1.546550
-0.404661
-0.564563
-0.149091
0.851909
-0.695840
-1.719208
-0.964245
0.145034
-0.305824
-0.628838
0.975600
-0.150270
1.433644
0.272224
0.625757
0.398642
-0.807936
0.280249
-0.319522
-0.644752
-0.865127
-0.459130
0.035548
0.806468
0.973718
0.926578
-1.232191
1.015693
-0.440747
0.159805
0.991010
0.622931
2.575445
0.586654
0.202657
0.443009
-1.268455
-0.021063
-1.264458
-0.401587
-0.713306
1.038152
0.951536
0.351415
0.269660
-2.518594
0.612659
-1.049502
0.046859
-0.429198
-0.476904
0.625902
-1.042372
-0.464099
-1.072202
0.468071
-0.352840
-0.984682
1.335393
1.080492
-0.149513
0.346540
0.165836
-1.217441
0.037994
-0.655531
-1.873368
0.947336
0.156347
-0.527375
2.391513
-1.339065
0.486035
0.406680
-0.016913
-0.208974
-1.859739
-0.886552
-0.848159
-0.260463
-1.567974
-0.615631
0.759781
-1.367057
2.188773
-2.270942
-0.219700
0.529313
-0.872599
0.433270
-0.997870
-1.077780
1.006243
-1.157885
-0.649510
1.921725
-0.501412
0.836381
-1.300240
0.591821
0.151450
-1.101256
0.071190
0.058645
-0.921914
-1.099165
0.402947
-1.264047
-0.723669
0.734197
1.217949
0.346149
0.245615
-1.228585
0.427122
-0.404916
0.047647
0.317232
1.540747
0.737816
-0.905889
1.246168
0.139936
0.390508
-0.477594
0.860364
-0.798038
0.435438
0.881621
1.233261
-0.305869
0.163095
-0.119302
-0.685574
-1.358137
1.678573
-0.887977
0.549031
0.028333
-0.352006
-1.411679
0.384473
0.829146
1.578007
0.126129
-0.295328
-0.823715
-0.729023
1.050408
-0.032453
1.115999
1.646208
-1.891862
-0.018700
0.076657
-0.609879
-0.653129
0.384735
0.329429
0.054217
1.704992
0.784757
1.196237
-0.269162
1.079615
0.943951
-1.735716
-0.651228
-1.450602
-1.129521
0.488627
-0.571748
0.853952
1.988616
0.611032
0.730998
-0.968486
0.259246
0.251829
-0.840179
-0.948106
-0.751089
0.222198
0.321928
-0.167347
-0.297711
0.025214
-0.437785
0.296762
-0.679245
-1.242280
0.501629
-1.814663
0.925499
0.138328
1.706576
-0.065015
-0.216191
0.758704
0.226216
-1.967872
-1.071223
-1.102083
-0.175195
-1.055421
-0.142283
-0.300807
-0.930797
-0.447848
1.946683
0.711028
0.955411
-0.359933
1.023682
1.661566
0.944105
0.040492
0.698327
1.844250
0.885847
-0.462049
0.537469
0.782504
0.545905
0.069552
0.005513
1.353350
-1.177851
-1.681992
-0.288557
-0.360104
-1.513381
0.376618
-0.326221
1.708729
-1.223987
1.253229
-0.156040
2.052997
1.005841
-0.090485
1.147048
-0.269272
0.912549
-2.304792
1.987812
-0.946176
-0.086357
-0.162868
0.494120
-0.256712
-1.015115
0.386165
-1.117298
1.262660
0.428959
-0.096720
1.400593
-0.345048
0.856972
-0.699037
0.891354
-0.875267
1.650223
0.089247
-1.965541
-1.289724
0.674526
1.483965
-0.150305
-0.447761
-0.473780
1.447105
1.952399
1.396933
-0.768503
0.264403
-0.027226
1.444145
-0.007019
-0.109857
0.189609
0.590333
-0.034463
1.137723
-0.830604
-1.148777
-1.054685
-1.937427
0.914751
-0.234334
0.461442
0.682958
0.220952
1.938346
1.568821
-0.030834
0.506742
-0.160166
-0.079505
0.707705
-0.534698
-0.699190
0.563060
-0.030048
0.480877
1.011902
-0.894164
-0.694176
0.520548
0.375576
0.579562
1.484280
-0.631963
-0.752551
-0.827977
-2.127249
0.765818
0.065337
-0.428522
-0.730040
-0.731057
0.278833
-0.202243
0.434757
-0.769877
-1.477403
-1.949624
0.244686
0.086068
-0.309050
-1.325823
-0.583656
-0.545286
0.225269
1.785306
-0.071187
0.122947
-0.790642
-1.171451
0.955174
0.303951
0.614031
0.943708
-0.687406
-0.505160
2.265500
-0.896121
0.532146
-1.409547
-0.870510
0.953807
0.471653
2.147731
0.601974
0.519594
0.084280
-1.457564
0.493031
0.839380
0.746907
-0.383271
0.452361
-0.795425
-0.235890
-0.698947
-0.261854
2.446471
-0.378914
-0.049474
0.009895
-0.724978
0.196518
-0.788639
-0.365631
0.828327
-0.432136
0.028663
-0.955547
-0.633810
0.420118
-0.787170
0.858921
-0.620048
2.060532
-1.023408
-0.131390
-0.171237
1.762004
-0.847583
1.496202
0.331512
-0.885178
-0.020454
0.756547
0.167935
1.940959
-0.633213
-0.286754
0.320153
1.164456
1.057554
0.866037
-0.671477
1.637633
0.052440
-0.538153
0.043884
-0.012902
1.006506
0.066510
-0.110987
-1.819552
-0.425508
-0.564091
0.506696
-1.662582
-0.455233
2.061900
-0.303217
1.403480
0.872338
0.709777
-0.258383
-0.769212
1.248551
1.007503
-0.978436
0.725727
0.017654
1.087328
-1.387052
-0.605673
0.938523
-1.130474
-1.231386
-0.438957
0.099964
-0.821729
-0.878212
-0.463848
1.021154
-0.689867
-0.433504
-0.569324
0.186214
1.159640
-0.634224
-0.157872
-0.100496
-1.219952
-0.454026
0.358724
-1.507215
-0.804422
-1.078545
-0.165027
-0.682024
0.312021
0.562722
0.136839
1.197678
-0.254332
-0.941647
0.382310
0.310047
0.243624
-0.830461
-1.263815
0.752899
-1.422431
-0.848850
0.273716
0.343708
-0.630715
1.856558
0.346097
-0.999903
0.948941
-0.436548
0.942174
0.488326
0.705428
-1.553676
-1.534410
-0.532131
0.037743
-0.901926
0.688191
0.569138
-0.543915
-0.020539
-0.933694
0.404940
-0.586933
-1.198719
0.122080
-0.298063
0.281655
0.409340
2.554857
-0.717846
2.036246
0.265119
0.397423
-1.217847
-1.035118
-0.214471
-0.987754
-0.059243
0.071895
0.273459
-1.157459
0.042589
-0.488035
-1.928856
-1.622250
-1.059616
0.620827
0.338117
1.561876
0.476972
0.112511
1.098368
-0.887231
-2.295906
1.345144
-0.173590
-0.065058
-0.577566
0.031086
0.543636
-0.735737
0.475687
-0.047577
0.957159
0.877475
-0.757101
0.663387
1.479800
0.345678
0.299321
-0.294948
-0.477973
-0.765141
1.177801
-0.713133
-0.040841
1.070398
-2.076512
0.581411
-0.532245
0.612845
2.036093
-0.870262
-0.200318
-0.393155
-0.429843
0.636653
-0.105403
1.888531
-1.105280
-0.412888
0.573990
-0.080023
-2.198547
-1.149999
-0.878165
1.864735
0.097220
-0.008839
1.682518
-0.649056
-1.131885
-0.455528
1.565626
-0.042141
-0.949233
-0.016729
-0.948162
-0.973318
-1.456793
0.984744
-0.631623
-0.871928
2.929493
0.400344
-0.424572
-1.185611
-1.840460
0.621303
0.021434
0.134607
0.927905
-0.168819
1.970473
-0.436644
0.590410
0.852965
0.285975
-0.150745
2.550836
-1.408009
-0.517864
0.425816
0.160900
0.638034
0.149468
-0.844290
0.344090
-1.605333
-1.008588
-1.766438
0.821788
0.591190
-0.383039
0.815003
0.906206
0.432048
2.173299
-1.066745
-0.793252
0.393040
0.523137
-0.747998
-0.065380
-0.269608
0.409857
-0.799295
0.788390
-0.101248
0.255540
0.186269
-0.101665
1.214524
-1.655872
-1.286099
-1.002887
0.805139
0.449082
-0.527827
-1.500589
-0.659124
-1.321916
0.626697
-0.342408
0.212457
-0.924215
0.235575
0.822666
-2.294667
-0.828432
-0.678741
-0.064439
-2.055256
1.119180
0.797227
1.788896
2.205983
0.318821
0.165632
-0.479720
0.017095
-1.854412
1.235723
-0.054376
-0.080785
-1.851539
-0.681606
-0.449345
-0.613957
2.856616
0.106951
0.297305
-0.447689
-2.496337
1.127256
-0.077257
0.217932
0.136890
-2.262521
-0.969736
0.484356
-0.815352
-0.074167
-1.006990
-1.145316
-1.143945
-0.057104
-0.013278
0.960701
-0.848055
1.312290
-1.014534
-2.077121
0.614080
1.215429
0.413839
-0.524580
-0.619043
-0.896635
1.256091
-1.700477
1.459588
-0.108488
1.284722
0.989512
0.459775
1.885986
-0.439450
1.519949
-0.745258
-0.259836
-0.394987
-0.135345
-0.947292
0.212087
0.745933
-0.746812
-0.946516
-0.096400
0.467942
0.375759
1.054405
0.355124
1.345637
-0.291736
0.305290
-0.960112
0.216786
0.593055
0.597927
0.110404
-1.562513
-0.974134
-1.098643
0.266424
0.987024
0.343239
-0.640469
0.784537
-1.917062
0.821837
0.453011
1.341907
2.241987
1.098415
0.454803
-2.457536
0.358820
-0.970515
-1.357879
-0.356207
-0.777947
0.241553
0.372385
0.586761
0.527730
0.707073
0.566926
-0.038861
-0.721832
0.803710
-0.664076
-0.048692
0.380370
-0.790038
0.298329
-0.129229
-0.527238
-0.847007
0.914380
-1.128132
-1.063972
0.922262
-0.064775
-0.189825
0.024757
-1.477853
1.397801
1.095351
0.364959
-0.620078
-0.057796
0.288519
0.636352
1.709226
0.225154
2.612673
-1.486526
-0.912076
1.590591
0.060779
-0.307964
2.199615
-0.401240
-1.094059
1.439438
-0.386964
-0.712595
-0.508634
-0.040557
1.260172
1.421658
-0.262587
-1.052235
-0.926756
0.438458
0.749061
0.227645
1.003641
0.034246
-1.131986
-0.624750
0.418016
0.024734
0.725612
1.788317
-1.831833
0.805438
-1.563946
2.497302
1.306408
-0.766346
-1.867922
-0.380041
-0.009064
0.002338
0.253395
-0.347281
-0.039580
2.161261
1.113688
-0.254894
2.186363
-0.356519
0.698853
-0.150484
0.897671
1.121390
-0.671151
0.308932
0.126754
-1.381300
0.114799
-0.810592
0.446083
-0.965428
0.569931
0.372386
-0.138798
0.126268
0.561577
1.636668
0.745209
-0.818057
-0.113712
-0.950870
-2.161530
-1.906373
1.032652
0.979794
0.270463
0.586908
0.450827
-0.053897
-0.071380
1.692694
-1.109349
0.596878
-0.193160
0.329511
0.537286
-1.936272
0.451641
-1.172833
1.260151
-0.621124
-0.338746
-0.533362
0.082785
-0.411613
-1.120651
-0.347176
0.347509
-0.627722
-1.776899
-0.343563
-0.421376
0.228513
-0.114207
-0.290630
0.047221
0.344422
-1.192773
-1.204049
0.935592
-0.695173
0.882094
0.273879
0.356241
-0.566994
-0.262294
-1.848075
-1.108340
-1.788175
-1.579198
0.699417
1.004369
1.283398
-0.870769
-1.739200
0.256676
-0.123049
0.629306
-1.361636
-0.189734
0.200720
-0.820390
0.024116
-0.646766
-0.444329
-0.193322
-1.790076
-1.012608
1.445595
0.000236
-0.119610
-0.065056
-0.018182
-0.315396
0.535121
-0.228135
-0.979940
0.802214
0.133574
-1.467025
-1.542172
1.353712
0.379257
0.785950
-1.133842
0.860592
0.273722
0.604962
-0.571114
-1.525880
1.279304
-0.277758
-0.320720
1.589016
1.184281
0.745554
1.006200
0.182359
-2.074551
0.622575
1.446048
-0.572758
-0.053291
1.344970
-0.425911
-0.504609
-0.025355
1.301681
1.443202
1.428946
1.477753
-0.271498
-0.461904
0.011914
0.789905
-1.257177
0.512779
-0.255296
-0.622095
-1.009134
-0.518429
-1.304262
1.347990
2.085314
-0.584542
-0.600642
-1.041967
-0.253714
-0.491258
-0.884535
-1.328616
0.764252
-1.451563
-0.525106
-0.225682
0.012676
0.309726
0.646235
-1.101732
0.148445
0.367070
0.040243
-0.150731
0.172708
-0.544970
-1.156005
-0.279051
0.889308
-0.429745
-0.801324
2.729726
0.075945
-1.147637
-0.260949
2.364817
-0.378238
1.062485
0.812320
-0.341261
0.624205
0.414950
1.892390
0.023745
0.239889
-1.239701
-1.984713
0.049671
0.193813
0.041480
1.535602
1.380569
-0.701078
1.169135
-1.375717
-1.093662
-1.051072
-2.227393
0.012251
0.650097
0.959668
-0.697383
0.492689
-1.280184
0.715331
-0.794860
0.924482
-2.823212
0.817618
0.076354
0.195280
0.575871
-1.123526
-0.444358
1.007511
0.413887
-1.092440
0.418747
1.064569
-1.288657
-0.617006
-1.429662
0.830549
-0.765499
0.253661
1.473488
-1.143694
1.556999
-0.036591
2.451867
-0.421006
-0.716662
0.883840
-0.845228
-1.888226
-0.030943
1.676854
1.171536
-0.270435
-0.571889
-0.223965
1.597522
1.078599
1.702950
-0.708431
0.347149
-0.095661
1.486931
-0.336272
0.091866
1.251046
-0.095522
-0.131971
-1.729816
0.051554
1.029210
1.341389
-2.447709
0.206186
-1.264908
1.308746
1.604268
-0.032389
0.162084
-0.990438
1.081326
0.394711
-1.650223
-0.723271
1.149001
-0.340506
-0.791004
-0.579854
0.168934
-0.864360
-0.564044
-0.052223
-1.033711
2.152860
0.620489
0.304330
0.037086
-0.569868
1.689703
0.054377
2.176677
-2.746803
-1.836226
0.017452
0.053879
0.169832
0.200199
-1.403405
1.016391
-2.235892
0.195999
0.543349
0.613869
0.630668
0.305105
0.330898
-1.337431
-1.024086
-0.562955
-0.881242
-0.644700
0.801829
1.926539
0.424953
-1.374873
1.352322
-1.237662
0.398134
2.256225
-0.690825
-1.401420
-1.141631
-0.842939
-1.507441
-1.746005
1.508269
1.680916
-0.254977
0.178405
-0.325750
-0.188520
0.290653
-0.588448
-1.279978
-0.374602
-1.017840
-1.712393
-0.725579
1.911441
0.080054
1.378892
1.432061
-1.437933
0.656154
0.097120
1.082266
-0.717550
-0.963044
-0.025513
1.402983
0.191253
0.284785
-0.606491
-2.355074
-0.921206
0.394800
-0.832412
-0.028849
-0.127801
-0.286738
0.798988
-0.527697
-0.395268
-1.044525
1.183128
-1.465813
-0.448381
-0.901412
-1.373492
0.015321
-2.150369
0.290351
-0.288871
0.311871
0.498723
1.199721
1.470000
-1.001265
-1.100065
-0.274557
0.498232
-0.371593
-2.176321
1.061238
2.443194
-0.837845
-1.213203
1.238521
0.132936
-1.108966
0.335706
-0.698445
0.577783
-1.249143
-1.187185
-0.784272
-0.408157
0.789139
1.212572
-1.525887
-0.044453
1.239022
-0.074178
1.276866
0.084942
0.981672
-1.220013
1.226149
-0.195145
-0.249119
1.406764
-0.787776
0.480052
-1.164234
-1.408944
-0.768559
0.766351
0.001333
-0.490078
0.795937
0.771258
-1.000709
0.045980
1.332412
1.435508
-1.063725
-0.508764
-0.221594
-0.294102
0.437129
-1.567871
-1.921387
-1.640318
-0.373545
0.079973
1.203230
-0.861566
0.397706
0.428916
-0.143482
-1.554002
0.626961
1.017303
1.483130
-0.983948
-1.172279
-0.494058
-0.465345
-0.255198
-0.060195
-0.885029
0.618634
-1.241527
-0.936394
0.127157
-0.236142
-0.405625
-0.401871
-0.474686
0.086010
1.373081
1.302201
0.732026
0.218592
0.601824
0.624698
1.085670
-0.537883
-0.068674
2.197040
0.008770
0.150158
-1.347603
0.835195
-0.305039
-1.258011
-1.329671
-0.232517
-0.671038
0.241041
-0.291090
-0.262995
0.123669
1.085885
-0.760509
1.202491
0.237325
-0.759158
0.523993
-0.118644
0.612265
-0.924566
-0.055684
0.746764
-0.551077
-1.320779
1.341862
-1.106659
0.187429
2.267262
-0.238960
-1.914221
-0.245443
-1.082517
-1.020508
1.771100
0.305531
0.039520
0.231379
0.166642
0.324483
-1.542212
-0.557816
-2.125586
-0.878097
-1.969188
-0.740664
0.244760
0.310551
0.081697
-1.228619
0.878380
0.427790
1.197942
0.094351
-1.357348
-1.554403
0.674850
1.236863
-0.594171
-1.120512
0.347775
2.100220
1.511698
-0.844883
-1.682967
-1.837480
-0.689647
0.067128
0.240156
1.606652
-0.055698
0.075623
-0.546645
-1.148112
-0.394599
-0.200444
0.119565
-1.096922
-0.164038
1.561976
-0.199748
0.747279
-0.358760
0.156904
-1.323410
0.051857
-0.082291
0.208968
0.091593
0.477730
1.244757
1.434909
1.103041
-0.372692
0.741735
0.760679
0.964302
-0.781994
-0.754710
0.210175
-1.184238
-0.877587
0.658787
0.020471
0.096842
-0.313076
0.211677
1.521123
0.347213
0.192859
-0.793997
0.647624
-1.382073
-0.979094
-1.843461
-0.468132
-1.054121
-0.786912
1.025872
1.011876
0.190793
-0.281909
0.706095
-0.736565
-0.611533
1.103330
-0.699492
0.198646
0.749477
-0.038847
1.035337
-1.375144
0.998915
-0.754050
-0.041056
0.929639
2.068951
0.247806
-0.506663
-0.289763
-1.316967
0.211699
-0.143848
0.417935
0.378470
0.569942
-0.115213
-0.585450
-1.462666
-1.067220
-0.605077
-0.101618
0.975875
-1.072113
0.580245
0.384613
1.883922
1.237573
0.377338
0.010891
-0.344032
-1.926398
1.084864
2.287678
0.302490
-2.305605
-1.191823
1.965509
-1.441086
0.857327
0.206324
1.673362
-0.751784
0.824254
-1.130033
0.291037
1.914492
0.551026
-0.535540
-0.677953
1.567656
0.239392
-2.049173
0.070317
-0.797916
0.814539
1.427075
0.567060
-0.075814
3.755322
-1.228846
2.089175
-1.035069
-0.297684
0.045096
-1.047432
0.379679
0.001095
0.999862
0.232198
-1.326391
0.677555
0.105275
-0.676370
1.011143
0.410879
-0.901561
0.896781
-0.319470
-0.347814
-1.137744
-0.256754
-0.366124
-0.312473
-1.105550
0.319413
2.259421
-0.768112
-0.822647
-0.460402
0.224453
-0.427723
0.461744
0.069852
0.375358
-0.512688
-0.097865
0.613268
-0.280659
0.407502
-0.146695
-1.127879
1.079217
-0.239630
0.055284
-2.132269
-0.299603
0.511419
1.477294
-0.781564
1.765612
-0.352074
0.547037
0.947432
-0.516733
0.010565
-1.053531
-0.543108
-1.858144
1.132864
-1.905706
0.021847
-0.254329
-0.696954
-0.564913
0.230974
-0.631127
-0.144310
0.054870
0.126935
-0.154922
-0.619112
0.106060
0.579386
0.678040
-0.297474
1.761963
0.356283
1.936775
-1.934822
-0.216247
-1.832851
-0.111676
-0.544009
2.079460
2.678101
-1.376937
0.997004
-0.323527
-1.762110
1.702688
1.196288
0.668558
0.307665
-0.091285
0.781203
-0.601473
-1.080614
0.489980
0.120259
-0.477333
0.235517
1.269489
-1.889591
0.858048
-1.513412
-1.113697
-0.430890
0.684804
2.397105
-0.398196
-0.178045
0.102712
0.298560
-1.839963
-0.638210
0.101076
1.041472
-0.576584
-1.927740
-0.658841
2.192984
-1.126286
-0.980027
0.517156
0.398413
0.460102
-0.679305
-0.253573
1.118320
0.822676
-0.361070
-0.152990
-0.457505
-0.560350
0.672672
-1.717689
-0.797144
-1.020043
-1.577604
-1.315838
-0.660192
-0.159355
0.612709
-0.159044
2.523488
2.194793
-0.781597
1.631375
-0.146286
1.440859
-0.864350
-0.968747
-0.564092
0.722573
0.158009
-0.391327
0.539638
-0.370951
0.589138
-0.373017
-0.490192
-0.159891
-0.266077
0.453302
0.173864
-2.531292
-0.452186
0.267006
-1.766130
-0.868359
0.301219
0.887994
-1.984524
0.007339
-0.130039
-1.106715
0.832757
-0.331587
-0.754888
-1.053456
0.831489
-0.536015
-1.035107
-1.289560
-1.566094
1.664828
0.677834
-0.325340
-0.946216
0.313869
-0.280569
0.961434
1.005670
-0.091764
0.449550
-0.652117
0.251584
-0.033373
-0.622211
-1.879301
0.210071
-0.119401
-0.347176
-0.548256
-0.439988
-0.374571
2.333019
-0.772495
0.443666
0.456524
1.597380
-0.750838
0.608369
-1.170299
-1.081198
-1.196607
-2.168437
1.731384
-0.701558
0.606830
-1.450661
-0.483511
1.396458
2.587757
-1.465994
0.131189
-0.235009
0.021894
0.205343
-0.440257
0.000394
1.955736
-0.711811
-0.460126
0.769904
0.485303
0.605121
0.136106
-0.528464
-0.093084
0.629668
0.706917
0.355006
2.151478
0.133205
0.894223
-0.546973
0.921979
-0.520396
-1.760158
-0.463274
-0.982548
0.244591
0.036689
-1.233820
-0.067840
0.731935
1.194137
-0.302742
-0.523236
-1.279669
0.710121
0.242024
0.472305
1.205784
1.047782
2.445365
0.447381
0.037857
-0.191134
-0.294915
0.841923
0.449080
-0.278473
-0.616295
0.863014
-0.169566
-0.301244
0.418749
-1.171742
0.204628
-0.085731
-1.154159
1.318184
0.102339
1.346551
-1.178531
0.155461
-0.434769
-0.703887
1.199079
-0.599169
-1.903611
0.884074
-0.209662
-0.302565
1.402180
0.058020
1.490993
-1.933352
-0.605547
-1.402796
-1.057531
0.572148
0.352263
1.427295
-0.071730
-0.690332
-1.299558
0.850439
2.380641
0.278051
-0.080981
-0.610762
-1.616850
-1.446175
-0.159964
-1.694371
0.584750
-0.443568
1.225412
0.039913
-0.983123
0.277828
-0.629850
0.349105
-0.399530
-0.332418
1.677092
1.024383
-2.233873
0.269067
0.246680
-0.888885
1.210931
0.823485
-0.591428
0.055262
0.389562
1.207559
0.247806
1.056712
-0.253388
0.232325
0.181824
-1.258743
0.728633
-0.660176
1.498645
0.101472
-0.010285
-0.646713
-0.912962
0.258778
2.175143
0.377094
0.000330
2.446214
-0.395965
-0.531399
-0.677227
-1.608207
-0.947120
-2.331651
-0.752655
0.402903
-0.172114
0.287082
-0.156230
-0.876440
-2.236055
0.043323
0.631388
-1.344018
-2.394959
-1.257150
2.230809
1.575273
-0.670517
1.337781
0.046601
-2.674169
0.431688
-0.508752
1.319486
-0.481493
1.191440
0.078718
0.852397
0.457452
-0.960012
0.170966
-2.226840
1.192673
-0.850656
-0.566973
-0.543195
-0.642673
-1.126325
0.274798
-0.463634
1.317738
-0.747885
0.663362
0.481501
0.644622
1.578865
0.369202
-0.687846
0.774519
1.882876
0.783302
1.102697
1.666107
0.183525
-0.338642
-0.698067
2.615993
-0.905680
1.291004
0.489396
-0.825853
-0.093292
1.108845
0.530703
0.434815
-1.851485
1.706503
-2.286344
-0.569556
-1.049812
1.302618
-0.870736
0.152139
-1.807194
1.241743
-0.736030
-0.124571
0.426695
-0.196306
-1.588428
0.395015
-0.912416
-0.149628
-0.347999
-0.622338
-1.571777
-0.862832
-0.515446
0.256336
-0.868602
0.333607
-0.231650
-0.682755
0.362394
1.375930
-1.088560
-0.222854
0.358892
0.151892
-2.148416
0.961599
0.337480
0.688433
-1.336242
-0.903088
-0.192500
0.854846
-0.188821
-0.480821
-0.841078
0.902773
0.399990
-0.419407
-0.713280
-0.895953
0.224466
-0.029285
-0.860663
-0.861092
-0.419522
-0.839935
1.060252
0.206182
-1.074149
0.036978
0.299230
-1.209885
0.132653
0.633251
-0.279555
0.638351
0.531245
0.834490
-1.342019
-0.167889
0.213892
0.602655
0.608753
0.686102
-1.588752
0.540094
1.541992
0.545733
-1.238089
1.152550
0.022073
0.073701
0.793185
-2.453139
-1.652762
1.429745
-1.488959
0.093329
0.795990
2.080099
0.336274
-3.471102
-1.667003
-0.871284
-0.530591
0.811594
0.154564
0.112933
-1.819588
0.314999
-1.796519
-1.255142
0.847937
-0.482096
-0.964001
0.542816
-0.143957
1.271076
-1.344622
0.322658
0.544247
0.317517
0.540477
-1.159589
-0.793312
0.004654
-0.773021
-0.096702
0.218896
1.367764
-1.097306
0.259630
-1.637660
-0.293051
0.946822
-1.025539
0.539095
0.725989
-0.179662
-0.648777
0.642100
-0.896550
1.051758
1.013990
1.055075
0.337300
-0.315269
0.183236
-1.461550
-0.674777
0.315848
-2.666225
-0.581353
-0.250688
-0.451059
-0.395276
-0.721248
0.450732
0.805719
0.559708
0.111164
0.108646
-0.805309
0.461244
-0.572528
0.730137
-1.288679
2.264094
1.327809
0.001484
-0.479838
-0.535439
-0.239439
1.580289
0.806222
-1.219330
0.637266
-0.151066
1.227114
0.207095
-1.129674
0.772895
1.290207
1.846601
-0.711445
0.009363
-0.368185
0.327294
0.359098
-0.040641
-0.347939
0.794007
-0.106058
0.180436
-0.221884
2.261693
-0.707502
-1.366223
0.720933
-1.584753
0.215563
1.109146
-1.916896
-1.984477
0.062740
0.449658
-1.219510
-0.544866
0.298544
0.005957
-1.235647
0.417607
1.422048
-0.469090
1.264550
-1.037740
-1.162630
-1.872978
-0.728730
-1.629604
2.012649
0.298525
-0.235298
-1.565084
0.504135
-0.019504
-0.020526
1.154319
-0.688080
0.296401
0.059849
-0.954606
0.850211
0.740351
0.889027
0.063677
-0.381828
-0.596187
0.752876
0.495615
-0.058903
0.789876
-1.528838
0.228246
2.370435
-0.280095
-0.039808
-3.076616
-0.926811
-0.523845
0.717361
-0.617258
-0.566062
-0.645813
0.901240
0.128888
-0.079569
-0.333030
-0.703259
-0.446748
1.481849
-1.002122
-0.367524
-1.295323
0.232213
-0.454673
-0.716193
0.181855
-1.003360
0.105494
-1.302506
0.620799
-0.142697
2.877962
0.172091
-0.575091
0.855459
1.213708
-1.279782
0.616869
0.422269
-2.697015
-0.114252
-1.096345
0.094004
0.538871
-0.285602
0.184714
0.643050
-0.649441
-0.798797
0.394225
-1.174995
0.608457
-0.158763
0.059937
0.611132
-0.660494
-2.986358
1.151213
1.091622
-0.028955
0.249265
-0.125550
1.943738
0.773377
-1.087670
-0.597529
-0.159691
1.644012
0.938635
-0.776777
-1.534704
-1.469878
0.259882
0.992607
-0.957914
-1.308002
0.749904
-0.380924
-0.515542
0.092713
0.441217
-0.293686
0.509720
-0.790436
1.492052
-1.407154
-1.173879
-1.136432
1.752671
-1.264699
0.383889
0.522491
0.977108
-0.335475
-1.382807
0.394159
0.748018
-1.566107
0.455884
-0.350760
1.357129
0.565761
-0.300691
-0.255602
-0.472451
1.695555
-0.341216
0.540278
1.014697
0.386345
0.668178
-1.136542
-1.397411
0.195384
1.979044
1.552441
-0.821488
-1.194585
-0.480085
0.582313
0.145936
-1.922936
0.950964
-0.026257
-0.567270
-0.804526
-0.644111
0.077338
-0.355643
-1.669981
1.515110
-0.021438
1.187234
1.304949
-1.517912
-0.722081
-1.048012
0.226819
-0.431090
0.858630
1.154985
1.059851
1.418000
-0.950204
1.031304
0.144950
1.427640
-0.680551
1.668292
-0.127809
-0.960617
0.303279
2.085927
1.559412
-0.759587
0.017930
-0.271554
0.462740
-0.621061
-1.357480
0.605746
-0.048526
-0.378483
-0.916562
0.278971
1.848699
0.770738
0.749114
1.349873
0.384476
-0.618497
1.424189
-0.198998
-0.550879
-0.053159
1.054175
0.482276
-0.222455
-0.892720
0.000419
-1.865625
-1.193125
-1.209089
0.604266
0.162594
-0.121546
-0.528369
-0.604311
-0.425467
-0.309938
-0.438462
0.041342
-0.683113
-0.757876
0.569606
-1.092753
-1.122076
-0.859804
-0.239630
1.110784
-0.383314
-0.117548
0.836984
-1.628617
0.661001
-0.932138
1.239351
1.156770
-0.469856
0.735164
0.744196
0.267381
-0.142076
1.174730
1.286895
0.444143
-0.252658
1.055316
0.030895
1.291039
-1.649290
1.343946
-1.583356
-0.370106
-0.183411
0.276055
0.431598
2.385994
-0.570946
-1.161519
-0.508548
0.184262
0.685748
0.318109
-0.335867
0.131248
-0.783574
-0.921121
-1.435053
-0.307744
0.042795
-1.128480
-1.305203
-2.132953
-1.201864
1.298526
1.481119
0.052855
-0.809355
0.344371
-1.703282
0.418315
-0.594963
1.509295
-1.353628
0.234842
-1.648287
1.039404
1.020432
-1.732275
0.727911
0.440192
0.934826
-1.541193
-0.203713
1.380329
-1.070116
0.203683
-0.570570
-0.963903
-1.541385
1.566308
0.419927
-0.640554
-0.437849
0.756682
0.124119
0.651258
-0.597502
-0.093748
-0.135814
0.071036
-0.944534
-0.688201
1.311383
0.437901
-0.541058
0.032389
-1.060455
-1.075321
-0.213676
0.500217
-0.634076
1.766775
-1.622344
0.177537
-0.481924
-0.328762
0.565915
-0.724368
0.350944
1.311054
-1.606346
-0.521964
0.265821
0.557084
-1.288856
-0.313026
-1.039641
-1.974122
0.603059
0.283457
-0.670851
0.177098
-0.111022
-0.496826
1.786767
1.528677
-0.235473
-0.780525
-1.159552
-0.540872
0.178424
0.200220
0.341249
-0.452876
-1.075139
1.524491
-1.515198
-0.206812
0.746979
-0.071228
-0.606776
1.105284
0.755737
-1.994877
0.177103
-1.135391
0.040364
1.784840
-0.286080
0.741945
0.243894
0.104715
0.457020
1.248673
-0.987861
1.483204
-0.422838
-1.389463
-1.160656
-0.714883
-1.429667
-1.192993
-1.072814
-0.753261
0.995433
-0.088133
1.865604
1.159329
0.296227
0.611594
0.239022
0.719675
-0.472856
1.434209
-0.262051
0.321388
-0.636883
-0.650573
-1.508359
-0.560865
-0.257363
-0.244524
0.069379
0.024219
-0.351784
-0.327598
1.472839
-0.507486
3.324868
1.795467
0.715489
-0.982253
0.196537
-0.489055
1.838722
-1.516531
-0.918730
-0.802186
-1.603948
-0.703967
-0.141207
0.834297
-1.457034
-1.716446
0.129794
0.145163
0.686773
-0.159453
1.155396
-1.256459
-0.006214
-0.076591
1.886645
-0.606982
-0.002118
0.790769
-0.783164
0.889632
-1.365381
0.482400
-0.809458
1.395030
-0.588179
1.183677
-0.885449
-0.040290
0.873980
0.262123
-0.744416
1.267673
-0.303063
1.115519
1.125634
-1.302278
1.113844
-0.431761
1.841948
-0.296793
0.578609
1.531975
1.783960
0.472012
1.260622
-0.358570
1.278838
-0.158019
1.931878
0.126572
0.762382
1.018565
-0.507631
0.495671
0.284143
-0.769806
0.965157
0.336803
-0.864026
0.068877
-1.636308
0.187668
-0.965148
0.040556
-1.166713
-0.454394
-0.041607
-0.373166
0.391559
1.492645
0.440482
2.043456
0.134128
-1.368087
-1.748033
0.390793
0.666100
1.446815
1.244496
-1.463145
-0.056859
1.457913
1.874323
0.027695
-1.572529
-0.764993
1.344519
-0.825487
-0.202817
-1.406983
-0.003976
0.943141
0.604894
-1.337160
0.051096
0.453523
-1.451555
-1.583316
0.695022
-0.450600
-0.145842
0.759359
0.285090
-1.444103
-0.170431
-0.224820
-0.224859
-0.376147
-0.297451
-1.488891
-0.222784
0.720402
0.510131
-0.169803
0.357195
-0.243281
-0.019778
2.003184
-0.754029
1.483469
0.699768
-1.745326
0.780591
-1.384884
-0.138573
0.112610
-0.028635
0.030758
0.682856
0.046659
0.670109
-0.361219
1.326396
0.094401
0.169454
1.076573
-0.443021
0.566679
1.367051
0.246950
-0.908710
0.153657
1.735003
-0.840922
0.794632
1.897498
-0.765780
-0.054240
-0.170192
-0.835763
1.648431
-0.839881
1.718785
0.946983
0.621882
0.522084
-0.990086
0.092333
-0.204873
-0.187010
-0.307878
-0.740317
1.776323
1.548094
0.831856
-1.377122
0.787376
0.099460
1.332460
1.566556
2.027031
-0.667014
-1.290643
-0.851157
-0.018878
-0.561299
-0.109294
-0.399181
-1.720936
0.699834
-0.560910
-0.822532
0.168675
-1.043984
-1.006484
1.631258
0.226483
-1.651653
-0.187213
-0.513001
-0.366892
0.210125
0.372592
0.626660
0.062245
1.233062
-0.945452
-0.717178
0.930818
-0.745270
0.125593
-0.867596
0.394478
-0.887781
0.443789
0.339068
0.539602
0.865538
-0.323731
0.154169
-1.973273
-1.472584
-0.541112
3.139398
0.154533
-1.824485
2.042916
-0.359455
0.337654
0.991931
1.588462
2.497730
1.638361
1.404379
0.624046
-1.103480
-1.023219
0.221827
-0.370341
-0.025991
-0.979301
-1.794921
1.017554
-1.390618
-0.055132
-2.337771
-0.204316
0.675066
-0.530428
-1.063011
-0.878064
-1.022184
0.686645
-1.240116
1.536314
-0.851634
-0.213646
-2.133949
-0.198375
0.231093
-0.324067
-0.614150
-0.451509
1.117285
-0.207893
-0.123494
-0.854642
0.860581
-1.653855
-0.596744
0.313094
0.462974
0.551483
-1.362003
-0.424167
1.149055
-0.324341
0.509321
0.689829
0.661863
-0.045706
0.641557
0.357030
1.569126
0.345621
0.053896
0.877865
-0.445622
-0.914661
-0.016693
1.097028
-0.399331
-1.347469
-1.082816
-0.208947
1.721976
-0.579215
2.436104
-0.505090
-0.219984
-1.526593
0.586247
2.021603
1.315749
1.321274
-0.880739
0.051128
-0.497930
-1.392733
0.395053
0.055206
-0.902895
-0.507041
-0.461558
-0.983944
0.416238
-0.584537
-0.427530
-0.189455
-0.358606
0.060493
1.153522
-0.178813
1.268557
0.066779
0.759339
1.500441
0.052085
-0.169986
0.372353
0.137437
-1.086019
-1.172583
1.549740
-0.729275
1.424259
-0.488930
1.038216
-1.339131
2.010562
0.319291
-1.112673
-0.528282
0.446411
-0.755227
0.322953
2.122787
-1.142040
-0.417333
-2.062361
1.413901
-0.274996
1.756502
1.525443
-1.463130
1.294009
1.045254
-0.142196
0.914919
-0.265828
0.942605
-0.868906
-0.002635
-1.752863
1.500954
-0.696194
0.384985
-1.286542
-0.408436
-0.605328
-0.071606
-0.754313
-0.106014
0.509346
0.400129
0.443604
0.284110
0.423434
0.022296
1.060209
-0.632893
-1.589730
-0.042030
-0.071651
-1.158600
0.867854
-0.493270
1.445488
1.013383
1.139203
-0.108522
-0.636427
-0.206689
0.304652
0.644781
-0.159577
1.107290
-1.254076
-1.654506
2.545481
-1.119520
0.163871
-0.911709
-2.209006
-1.149297
-0.944956
1.617581
-0.831015
0.268019
-0.507086
0.913696
0.700910
-0.416180
0.353381
-0.546029
0.135393
0.721119
0.847202
-1.191533
0.612711
0.346216
-0.458793
0.368601
-0.572303
-0.530562
-0.050521
0.067896
-0.502146
0.879395
0.774266
-0.743831
-0.520106
-0.983403
0.739237
0.695194
1.285404
-0.229365
0.453091
1.419782
-1.084978
-0.132183
1.276652
1.580202
-1.202018
-0.161415
-0.584170
0.567807
-0.236260
0.338144
-0.783889
-0.769513
0.074159
0.432192
0.606700
0.812688
0.192282
0.612044
1.518366
-0.111485
1.389053
0.484018
-0.367044
-1.063342
0.373765
-0.739113
-0.386519
-0.412552
1.503428
-1.789311
-1.190530
0.542141
0.578316
-0.100952
1.538852
-0.714252
0.403669
-1.018490
-0.493992
-1.513691
0.090349
-0.043464
0.450349
-1.199799
-1.802056
-0.614852
-1.223731
0.607960
1.611912
-0.761466
0.529262
-0.551047
0.123312
-0.219960
0.292346
-0.186862
0.971639
-0.351260
0.689876
-1.119951
-0.831355
0.482781
1.554726
0.846730
-0.035623
-0.448539
1.246985
-0.257146
1.284283
-0.354269
1.001722
1.284789
0.036892
-0.081244
-1.013721
-0.073222
0.843754
-0.361332
2.299518
-0.580339
0.066338
1.302654
0.122112
0.962892
-0.114248
-0.994645
-0.373520
1.727994
0.402545
1.263610
0.662879
-0.219031
-2.381677
1.314287
-0.892627
0.130124
1.830876
-1.613221
0.689978
-0.854548
-2.741010
-1.366056
1.274042
-0.701905
-0.302101
0.377387
0.406399
1.112563
1.496492
0.491856
0.597905
2.586376
1.769398
-0.175122
-0.510325
0.723905
0.929067
-0.980020
1.677882
-0.141036
0.432914
0.658713
1.057131
0.581720
1.203702
0.269369
-0.149189
0.615846
0.529436
-0.749782
2.257286
-1.140371
0.028016
0.371451
-0.072012
-1.688841
2.400932
0.581796
0.134669
-1.162517
-0.797919
-0.187018
-0.828817
-0.844635
-0.627285
-0.278323
0.847745
0.344123
-0.319183
1.108314
-1.339917
-0.096834
1.356518
0.810517
-0.459990
0.867473
0.554601
-1.014535
0.287521
-0.599162
-0.508502
0.501685
2.024784
1.339338
0.360223
0.296536
-0.011068
-0.615389
0.708841
1.740306
0.502339
1.012344
0.112827
-0.699870
1.369003
-1.428594
0.060527
-0.845259
0.404761
0.237792
1.013929
-0.181998
0.567161
0.498518
-2.267285
0.043070
2.031313
-0.954428
-0.897308
0.210549
-0.607570
-1.764046
0.932998
1.844665
-0.333951
0.007963
-0.977506
-1.169132
-1.665536
-0.396143
0.129392
1.071105
-0.207496
0.520752
-1.254977
-0.994904
-0.014214
0.600939
-0.090900
0.307673
2.440114
-0.999828
-0.068690
-0.297748
0.180426
0.345781
0.826408
0.872324
0.283581
1.319198
-0.681365
0.273636
-1.598461
1.071419
-1.197969
-1.897380
0.175376
-2.330852
-0.751540
-1.557021
0.645266
0.339916
-0.472020
1.849462
-1.041568
-1.274209
1.119578
0.819649
1.894039
-2.447813
-1.925655
-1.619519
-0.167906
-1.222590
-0.467438
0.692690
-0.150219
-1.452480
-0.236568
-1.611004
-1.910774
0.837305
1.576336
0.605835
-1.765509
-0.431083
2.456582
-0.968321
-0.376038
-0.649894
2.050708
-1.152364
-1.716516
0.005631
-0.322276
0.165944
-2.217514
0.057951
0.291734
-0.733274
-0.675409
0.272600
-0.659383
0.025732
-2.113374
1.086194
0.584344
-0.267599
0.498860
-0.353936
-0.537797
0.119240
0.381359
0.909715
-0.665508
-1.330711
0.278230
-0.066039
-0.704700
0.230400
1.382532
1.193370
0.204179
0.981947
0.612871
1.226658
0.679460
1.849317
-0.075116
-0.839143
-1.613074
-1.740222
-1.367043
0.377122
-1.050122
-0.718440
0.505816
-0.719794
-0.319127
-1.672282
1.048271
2.631987
-0.837326
-0.521413
0.161928
-1.222326
-1.289255
-0.761424
1.872756
0.619557
-1.642436
0.683524
-1.001831
-0.120757
1.100577
0.161655
0.246473
0.342749
1.432349
-0.125091
-0.398620
1.748612
0.619991
-0.975242
-0.211814
0.115605
-0.294803
-0.431666
1.131506
0.154168
-0.875551
-1.440429
1.101901
-2.012802
-1.333613
0.803056
0.482904
-0.751432
-0.384813
-0.900199
0.887311
-0.002826
0.029938
-0.835744
0.176580
1.746545
-0.247851
-1.642264
-0.939336
0.000675
-1.836398
-0.887632
1.222007
0.414613
-0.518276
-0.016836
-0.241264
-0.906560
-0.692967
-2.439350
1.038230
-1.896060
1.365250
-0.044433
-0.616378
-0.092137
-0.616224
0.423413
1.484121
-0.123834
-0.866443
-0.490393
0.182484
-2.180125
0.015069
0.163619
-0.627056
0.929625
-0.238278
-0.604409
0.338611
-2.298133
-0.003209
-0.529572
0.015522
1.518220
0.545821
-0.678519
-0.608038
1.458676
0.807890
0.035828
0.312005
-0.767016
1.463945
1.706506
2.058467
-1.088703
0.130801
0.279472
0.822070
1.622876
0.129083
-0.263124
-0.763423
-0.825100
-0.629178
0.707017
1.319247
-1.131387
0.319413
1.696398
-1.623396
0.122066
-2.021959
-0.311576
0.054743
0.005022
0.449388
1.653249
2.298906
-0.545688
0.459490
-0.419903
0.694770
-0.223634
1.705322
-0.344495
0.454279
-0.682576
0.505295
-1.430291
0.797732
-0.482149
-2.271426
0.083620
-0.383207
-2.004356
-1.361520
0.424470
0.667842
0.881854
-0.855089
0.208084
1.804108
0.019125
2.202483
1.513167
0.921674
0.996139
1.345273
1.075304
0.063159
0.139465
1.264241
-0.298996
-1.055636
0.362539
2.037452
-1.567928
0.438124
-1.334500
1.979078
-0.456127
0.157464
1.649042
-0.572351
-0.622918
-1.135039
0.294024
-0.941390
0.861351
-2.496565
0.662799
-1.408250
0.375762
-1.196336
1.155856
0.462349
0.171507
0.344274
-0.512267
-2.292801
-0.315037
0.414659
0.813012
-0.741616
-1.051646
-1.584760
-0.917862
-1.234257
-3.358738
-1.908093
-0.766781
1.308237
-2.714457
-0.344908
-0.915453
-0.583669
-0.465189
1.290970
-0.478408
-0.925406
2.534579
-1.719193
-1.088862
1.662372
-0.137959
0.094421
0.092638
0.113325
1.467792
-1.077194
0.805384
0.446398
0.330280
0.176656
-0.144542
0.939723
-0.523575
0.500087
-0.290024
0.077825
-1.234508
-0.121678
1.369394
0.407573
-0.072149
0.074689
1.923084
-0.322025
0.140216
-0.350927
1.655416
-0.036036
1.119303
-0.194268
-1.523656
1.328148
0.564040
-0.900438
1.538548
-1.111106
1.588790
-2.360420
-0.192335
0.183879
1.082319
0.422803
-0.872371
1.507292
0.204101
0.529402
-0.377371
0.858478
0.579137
0.564042
-0.000832
-0.019775
-0.240570
-0.256963
0.742148
1.922724
-0.366203
0.770344
1.631928
-0.230744
-1.072989
0.614407
0.023572
0.394464
1.164620
0.401410
-1.599957
-0.135236
0.348525
0.916562
0.248669
1.561221
0.887924
-0.788821
-0.691957
1.013530
0.196516
0.765422
-0.192337
1.050562
0.455505
-0.239150
0.354822
-0.675265
0.566457
0.475029
0.161281
-0.634875
1.739965
0.312955
-0.604375
-0.309072
-0.238775
-0.228335
0.224721
1.637523
0.091117
0.768590
-0.572071
0.566792
-0.515758
0.897141
-0.060544
-1.417451
-0.471205
2.711114
0.621569
-3.330790
-0.208991
-0.372776
1.220076
0.395529
-0.668013
1.061096
-0.148613
1.446395
0.837934
-0.679110
1.661016
0.507836
1.502753
0.994396
-1.414512
1.723639
0.547911
-0.507468
0.614107
-0.293822
-0.058457
0.200275
0.058223
1.851558
-0.773957
-0.963934
1.195908
0.609989
-0.287846
0.078932
0.113943
-1.071144
-1.158034
1.306595
-0.206048
-0.752759
0.796989
1.250164
-2.175310
-1.388687
-1.087685
1.052249
-0.592104
0.700606
-1.675799
0.079679
0.174385
-0.172300
-0.019243
0.505253
0.053748
-0.115869
0.605769
0.128919
0.463255
0.777897
1.385983
-0.000092
-1.555021
-0.617009
-1.291265
0.253997
2.913252
0.046467
0.382879
-1.131156
0.790242
-1.701133
-2.059470
-0.563192
-0.124031
-1.979735
0.019213
1.365466
-0.214681
0.475928
-0.720766
1.112166
0.336946
-0.015924
-1.031719
2.300685
-0.534844
0.378409
-0.392159
-0.133446
0.116727
0.152984
-1.029160
-0.715056
-0.779979
0.060083
1.723298
-1.060566
-0.091357
-0.401086
-0.492378
1.309751
-0.476627
-0.481156
0.890121
2.047704
-0.598801
2.074428
-1.320776
-0.243500
-0.840707
0.658558
-1.294862
-0.584404
0.310968
-1.948063
1.350591
1.303055
-1.717664
-0.780847
-0.069761
0.671874
1.131380
-1.269977
1.078543
-1.065652
0.744307
0.148869
0.763082
1.150921
0.956186
0.425671
0.487978
-0.127978
0.258344
-1.014962
0.946347
0.239939
1.471988
0.403712
-0.616956
-0.904547
0.826167
0.435786
0.466441
-0.176099
-0.380795
-0.963102
2.446235
0.205652
-0.608810
1.064627
0.156012
0.360041
-0.600366
0.303265
-0.875397
-0.746308
-1.678225
1.668035
-0.594178
1.234813
0.402355
-0.284193
-0.501722
0.109681
0.178611
-0.584976
1.257721
0.579456
-1.240540
0.145778
1.467515
1.142057
1.838286
-2.132793
1.014287
-0.041090
-1.477560
1.302662
-2.079676
-0.707023
0.404786
-1.700271
1.690494
-0.154047
-0.294547
0.556708
0.553348
1.060439
0.321969
-0.392563
1.593795
0.389492
-0.087075
0.173452
-0.547836
1.080786
-0.724129
1.423301
0.932224
-1.762968
-1.395339
1.004729
1.020080
0.345504
0.728169
0.675633
0.607184
0.254686
1.135286
-1.210183
1.453007
0.198484
0.339506
1.243878
-1.007338
-0.314642
-0.334047
0.636938
1.676698
-2.101985
-0.558694
0.395556
-0.189761
-0.076868
-0.764429
-1.523664
0.796885
-1.249849
0.771206
0.252057
2.853397
1.250267
1.187255
0.325274
1.125121
1.159894
0.708730
-1.019394
-0.762613
0.457263
1.270388
-1.169454
0.980680
1.229553
-0.923666
-0.798945
-0.151608
0.012016
-0.153368
-1.177793
-0.786045
0.802248
-1.194937
0.762266
-0.953890
-1.095482
-1.167959
-0.032806
-0.727715
0.015486
-1.155560
1.707819
-0.748575
-0.588866
0.701711
-0.139691
-1.389395
-0.607158
0.613675
0.609854
0.414592
-0.099968
1.033834
1.256562
1.124133
-1.124475
1.404626
0.400992
0.525188
-0.869455
0.357935
-0.724793
-0.596600
0.798803
0.293069
-0.143188
-0.713504
-1.057061
-0.266968
0.594001
-0.733505
1.425544
-0.663636
-0.980225
0.376157
-0.199073
-0.073571
-1.091116
-0.031720
-0.896802
0.677406
-0.500579
-0.050669
-0.718303
0.333962
1.613034
-0.461035
1.154547
0.461021
-0.814949
0.136262
-0.592155
0.952237
1.317382
0.235176
-1.061548
1.240516
-0.619243
-1.123774
1.459880
-0.771145
0.129329
-0.049594
1.141248
-0.878756
-0.301156
-0.928421
-0.581270
0.135748
0.970381
0.942985
0.501998
-0.924281
-1.126598
0.415243
-1.664294
-0.614462
-0.533566
1.428231
-0.636407
0.226645
1.129293
0.535547
-0.895466
-0.539484
1.069803
-1.059454
-0.558884
-2.333377
1.455754
-0.178030
1.954372
0.280398
1.091761
0.186266
0.345915
-1.632985
-0.092863
0.028536
1.166060
-1.481676
-0.990855
0.994511
0.333425
0.828998
-1.024716
1.012879
-0.695443
-1.195526
0.499985
0.658879
-1.163824
2.016804
-0.432662
0.145846
0.132257
1.710823
0.385428
-1.140121
-0.408452
-0.171227
-0.734100
0.166127
-0.271993
-0.872599
0.265104
0.199345
0.575835
-0.063305
1.489721
1.615137
-0.915502
-0.054160
-1.749132
-0.933915
-1.784939
0.845533
-1.041871
-0.354897
0.683594
0.072802
-0.108003
0.188212
-0.835627
-0.037167
-0.632744
-1.298036
0.015908
-1.318147
1.782259
1.852923
0.463075
-0.458704
-0.018688
-1.948487
-0.855991
-0.616451
1.359497
0.364692
-0.743657
-1.057432
-0.462837
-0.274900
-0.444786
0.408396
0.452094
0.310108
0.535211
0.320348
-1.432510
-1.124764
0.203969
-0.246374
0.803532
0.269079
-0.097284
-0.731142
1.154251
1.028084
-0.581704
0.659859
-0.020090
-1.509262
-0.039569
-0.785133
-0.546570
-0.406697
0.185818
-1.498628
1.385680
0.906560
0.153113
-1.177550
1.067361
0.335670
-0.394573
0.138069
-0.582141
-1.437753
0.189683
0.826115
-0.498580
0.985453
-0.423548
-0.416180
0.145247
-0.426076
-0.063790
0.248726
-1.042980
-2.765220
-0.041548
-1.378732
1.429708
-1.355107
-0.813240
0.873253
-0.585327
0.895024
0.124945
-0.606514
-1.614707
-0.207225
1.905455
0.532348
-0.579640
-1.393471
-0.563441
0.332186
0.039294
1.973185
0.637302
-1.780756
-1.922711
-0.770871
1.150609
-0.580312
-2.249644
0.699138
-0.346716
1.410524
-0.417657
-0.333490
-0.745013
1.346106
-0.815136
-1.259112
0.383567
0.225298
-1.179260
0.470646
-0.090633
-0.102409
0.810858
-0.184595
-1.932922
0.098428
1.201299
-1.255214
-0.549271
-0.186749
0.209602
-0.374492
-2.525224
1.152306
1.030195
-0.497710
1.714041
0.947977
0.858616
-0.713086
-0.414891
0.586499
0.000403
0.833315
1.695589
0.273840
-1.223204
-1.294290
0.412821
2.139057
0.160766
2.056162
-0.549824
0.548318
-0.587000
-0.523458
1.127851
0.139129
-0.207859
-1.515377
0.296744
-0.608511
-0.338683
0.120471
-1.615243
-0.674895
0.204471
0.781323
-1.311956
-0.518048
0.517465
1.057673
-0.216115
-0.964906
-2.094712
1.900887
0.220614
1.393144
0.440166
-0.002722
-0.335432
0.069086
0.652856
-0.639745
1.995707
1.373387
0.620885
0.402703
-0.884209
-0.687722
-0.313125
-1.197555
-0.009284
-1.417519
0.841969
-1.280443
-0.605210
0.601643
0.146369
-0.259039
-0.713122
1.152463
-1.133782
1.660909
0.085014
0.097417
0.688564
1.249527
-0.107576
-0.129721
1.616120
-1.030170
-0.825447
-0.896867
2.360273
0.024150
0.924279
-0.409789
0.173941
0.910839
-1.214186
-0.136136
1.042971
0.606043
-0.413229
0.050818
0.755856
-0.924322
0.127306
0.558229
0.416751
-0.168673
-0.468571
0.332193
-0.256271
0.405850
-0.291392
-0.605258
1.156698
2.159452
0.755431
1.989766
0.423880
0.067279
1.478400
-2.381167
2.802037
-0.513336
-1.836381
-1.088802
-0.259569
0.126632
0.846552
0.543626
-0.187818
0.384099
0.160369
1.325578
0.469058
0.412038
1.688036
-1.801579
-1.119678
-1.466954
-1.242303
1.496059
-0.348725
1.235599
0.185811
0.475370
1.081815
0.317136
-0.361852
0.105052
1.699225
0.134028
-0.516567
-0.304768
1.384480
1.622054
1.430310
0.580823
-1.997995
0.160291
2.290690
0.219538
0.399552
-0.372632
-0.570697
-0.334573
0.771889
0.274650
-0.275848
0.890619
1.194841
0.432566
0.538565
0.045423
1.059687
1.089679
0.950407
0.762760
-0.424239
0.152417
-0.464486
-0.494897
2.152860
0.942598
1.515063
-0.645293
1.366337
0.084543
-0.548572
1.106062
-0.304085
0.829224
-1.970953
0.360461
0.291678
-0.814801
1.121453
-1.191298
1.343409
-1.472434
-0.661830
-0.462327
1.030263
-1.249927
-0.307743
0.587443
-1.272335
-1.281839
1.531796
0.103568
0.506761
-0.047599
0.549001
-0.233668
0.047428
-0.101875
-0.503732
0.394169
0.200670
0.406257
-1.081167
0.482366
-1.256192
-1.247669
1.105031
0.491346
1.344899
0.492523
0.864744
0.145295
-0.279433
1.361966
1.384576
-0.526688
-1.021638
-1.060276
-0.522867
0.042528
-0.262653
1.798392
1.033638
1.439935
0.242240
1.357038
0.005896
-0.779837
0.286328
-2.034227
-0.204721
0.116779
0.790485
0.346892
-0.160742
0.736501
-0.127379
0.515526
-0.186097
0.467464
-0.646177
0.747246
1.242083
0.345621
-1.186817
-0.852757
0.501134
-1.741300
0.460927
1.357029
1.832197
0.372021
-0.295713
-0.923317
-2.994900
-0.359377
0.006319
0.073943
-0.189324
1.298168
-1.007014
-1.424338
0.244147
0.404302
0.378624
-0.538429
-0.562815
-0.302774
1.087527
1.036733
-0.411075
-0.816288
0.167343
2.045171
0.600764
-1.907487
-0.368020
1.113572
-0.179843
-0.227890
-0.400089
-0.668987
0.351894
0.493411
-0.401978
0.063494
-0.085183
-0.639216
-0.282620
1.129898
-0.667626
-0.344289
0.523855
-1.275906
0.618400
-0.089252
1.054290
-1.067764
0.937642
0.938771
-0.215291
-2.416857
0.216068
-1.116453
-1.056136
-0.241855
0.603089
-0.751591
-0.323022
-2.062803
0.540462
-0.691462
-0.553393
-0.570158
0.504344
-1.064724
0.377619
1.035022
0.637723
-1.216784
-0.186275
1.338556
0.581158
0.864295
0.514273
-0.915610
-1.091748
-0.051468
0.671939
0.112507
-0.230458
0.303244
0.402950
0.409873
-0.284193
0.051165
-0.680096
0.160518
-1.323600
1.189138
0.338268
1.465068
-1.067565
1.021518
0.281942
1.296902
-0.997276
0.695592
0.100111
-1.722151
1.664521
-1.244516
-0.211831
-0.837314
1.070334
-0.938326
-1.979040
-0.456156
-0.155841
-1.119086
0.257623
-1.494132
-1.181736
-0.360842
-0.513942
1.336415
0.019723
-0.168232
1.234670
-0.380943
-2.063959
0.785928
0.003525
1.051208
-0.269245
1.927775
1.589509
0.064502
-0.067275
-1.427856
0.917738
1.127018
-0.956319
-1.127227
0.296452
-0.790919
-0.543578
0.074119
0.131931
1.030001
-1.359628
-0.797756
0.330326
-0.924962
-0.142517
-0.686945
0.529030
-0.294448
0.170167
-1.584264
-0.380908
-1.453010
-0.411303
0.377170
-0.767239
0.872749
2.281342
0.116011
-0.737484
-0.965662
-1.327757
-0.281990
-0.707897
1.798371
-0.521109
-0.451379
0.769744
-0.765997
-0.410224
0.964659
0.226191
-0.087693
-0.795469
-0.576601
-0.396768
0.972708
-0.022750
-1.204841
-0.547928
-1.554088
1.075632
-0.667627
1.052382
-0.021696
-0.149195
-0.193254
-1.503642
-0.930926
0.132384
1.126203
-0.702876
0.277183
-1.632681
-1.362516
-0.861627
0.161503
-0.614533
0.127392
-1.755424
-0.645069
-0.398497
-2.797244
0.061026
-0.182720
-0.507917
-1.496662
0.210731
-0.180432
-0.710532
-0.404068
-1.958150
-0.778633
3.342825
0.454086
1.459557
0.892086
-0.920641
0.753098
-1.384467
0.034598
-0.063044
-0.963826
-0.398867
1.137908
1.355606
0.342823
-0.770166
-0.723440
0.663968
-1.603145
-0.735158
0.142873
0.176646
1.344430
0.649779
-0.930497
-0.684378
2.399690
-1.622977
0.162053
1.032201
0.362952
0.244324
0.424951
-0.449225
-0.050001
-0.424392
-0.415836
0.159757
-1.126560
1.269795
-0.038409
-0.061131
0.378219
-1.508517
-1.907004
-0.327012
0.650762
0.649169
0.750229
-0.156100
1.206638
1.387690
1.486624
-0.132982
-1.003573
0.682076
-0.865243
-0.571052
1.371744
0.190677
0.333249
0.026663
0.773034
-1.038520
-0.612123
-0.257106
0.436019
-1.731364
-1.180084
-0.801218
-0.596346
1.644058
2.617670
-0.551376
-1.192646
0.034958
-1.064798
-0.121875
1.568309
1.056670
-0.655157
2.087012
-0.510744
0.533356
-1.513716
1.806571
-0.178410
-0.158033
0.171228
1.440798
-1.794441
1.137066
1.101041
-0.004378
0.036460
-1.448136
0.638906
1.023867
0.833466
0.919467
-0.519087
-0.918906
-0.232403
3.392877
-0.895711
1.318293
0.617152
-0.058893
-0.146419
-2.525353
1.208917
0.329358
-0.504311
0.712822
-1.206672
2.387889
-1.579549
-1.148869
-0.573725
-0.002016
-1.236984
-0.651268
-0.661455
0.811455
-0.389281
0.017860
1.588582
-0.057052
0.996182
0.702162
1.700972
-2.108042
1.989579
-0.088255
-0.545901
-1.233659
-0.944810
0.070138
1.472316
0.241519
-0.658784
-0.437381
-0.479053
-1.529553
-0.274066
-0.696243
0.015841
1.000529
0.519445
1.327459
1.354970
-0.668924
-0.676464
-0.659166
-0.283975
-0.503346
-1.292045
0.796614
1.976001
-0.801026
-0.544655
-1.921507
-1.028210
-0.479103
-0.330682
1.050820
-0.954970
-0.581790
1.300587
-0.558810
-1.535505
0.065265
-0.506334
1.544809
0.831883
-0.375151
-0.483738
-1.003487
-0.679176
-0.043374
0.353486
-0.143742
2.260601
0.745449
0.329710
-2.738118
2.671549
0.630432
0.857907
0.089627
-0.534054
0.521530
-0.717303
0.733320
0.249048
0.461484
1.419148
-0.455059
-0.741981
0.416990
1.492674
0.182156
-1.282642
0.170236
-0.695169
-1.533292
0.762495
0.838368
-0.123862
-1.165257
-0.096924
0.277096
1.097484
-1.121946
0.414024
-0.398542
0.576639
-0.692668
2.105584
0.292432
0.594736
-0.059885
0.638120
1.549364
-1.170673
-0.202397
-0.012770
0.576689
-0.750943
0.476553
0.594607
0.682132
-0.528665
-0.804584
-0.793665
-0.910092
0.791711
-0.681512
-0.011194
0.546911
1.271317
0.563064
-0.750153
0.235730
-1.202480
1.438968
0.208905
-0.536313
0.457917
-0.116079
-0.212941
1.471641
-0.323365
0.878316
-0.374443
-0.072030
0.009920
-0.179698
1.328563
-1.255846
0.178032
-0.358722
1.192993
-0.996600
-0.545557
-1.068366
-1.002233
-1.267569
-0.013304
-0.017140
-0.445420
-0.514658
-0.400914
0.025846
1.720209
0.157153
-0.365885
-0.135449
0.187956
-0.936581
-0.985407
-0.705955
-0.409671
1.625609
-0.379089
0.125230
1.284986
0.925776
0.791698
-0.356305
-1.482460
0.363708
0.048175
-0.176978
1.117379
0.340419
-0.451351
0.263070
-1.692604
0.217262
0.136583
1.180576
-0.198293
0.622809
-1.087049
0.001076
0.135413
-0.208034
0.440547
1.919254
1.705996
-1.026643
-1.223665
0.071157
0.649558
-0.478419
0.366670
0.259107
1.448401
-0.572876
0.217612
-0.531943
0.530101
-0.319752
-0.608876
-0.634826
0.681013
0.878435
-0.304525
0.090351
-0.516952
-0.838732
0.838582
0.029165
-1.271181
-0.022294
0.592242
0.840784
-0.193887
0.914807
-0.240299
-0.572869
-1.341699
-0.831609
-0.283767
-0.514309
0.010267
-0.240205
-2.273256
-2.129253
0.774799
0.164965
-0.460137
0.312623
-0.606423
0.251021
0.620737
-1.019683
1.861622
-0.272271
2.069483
0.455777
0.190725
-1.481725
1.864144
0.136525
0.404373
-0.947630
-0.396369
0.653511
1.417171
2.153604
0.572281
-0.522130
0.498030
1.318104
0.564911
-0.468955
-0.404535
-1.439079
-1.434505
-0.760444
-0.323984
-1.113995
-0.930671
0.363712
-1.602658
0.520995
-0.297621
0.778984
0.088803
1.594959
-0.521955
0.167245
-0.741764
-0.798347
-0.093126
-0.708955
-0.041938
-0.257392
1.072105
-0.188418
-0.410878
-0.089147
0.155478
-0.276520
-0.740819
1.298094
0.013225
0.758363
-1.126436
-0.747085
-0.804353
0.406118
-0.520813
-0.739120
0.710621
2.041759
0.841874
1.105412
0.502319
-0.756676
1.226666
2.474607
1.722001
-0.335305
-0.598854
1.360689
0.977894
-0.377145
-0.363052
-0.129708
-0.851411
0.594257
0.061015
0.522620
-1.779723
0.695160
-0.969022
-0.805408
2.068281
1.973466
0.620489
-0.094564
0.100686
-1.366464
-0.620176
0.132473
-1.031683
-1.154735
0.495516
0.224167
1.160262
0.334172
-0.945562
0.057609
-0.550865
0.982794
1.594105
-0.394996
-0.414474
1.359785
0.543081
-1.124489
-0.200129
1.374768
0.006333
1.971064
-0.973450
2.057630
1.964109
-2.340147
1.328169
-1.562464
-0.663257
0.210144
0.554108
-0.373659
-1.859853
0.478900
-0.771859
1.031597
-0.770636
-0.646009
-0.670931
-0.434327
-0.452057
1.081883
-0.888440
0.027552
-0.601012
-0.741825
0.371776
-0.459069
0.694322
0.499857
-2.226384
1.139068
1.574069
1.051715
0.575938
-1.004797
0.287408
-0.314518
0.627602
1.227137
2.509133
-1.754358
-0.873873
-0.455649
1.203534
-1.280460
-0.710734
0.506938
0.633222
0.483724
0.823509
0.626916
-0.714713
1.871851
0.395295
0.804758
0.116244
1.495352
-0.597956
0.748307
-1.356460
-1.471123
-0.404380
0.844791
0.529605
-0.447540
-0.716909
1.896760
-0.175379
-1.096186
1.247465
-0.124101
-2.197445
-0.891823
-0.598845
1.191720
0.172485
-1.618948
0.146598
1.109541
-0.749877
-1.107973
-0.181661
-0.065436
0.263346
-1.392074
0.613432
0.069372
-0.424666
-0.630900
0.215545
2.050607
-1.096971
-0.116959
-0.044827
0.083399
-0.125623
-0.494875
-0.208733
1.029455
-0.311677
-0.952692
-0.482757
-0.040120
1.159218
-0.154535
0.181125
-2.397163
0.572960
-1.647367
1.009519
-0.583364
1.042098
-0.604371
0.477868
0.039295
0.065161
-0.570306
1.009480
1.771255
-0.130362
1.157622
0.586266
0.223341
0.338721
-0.837455
1.152606
-1.291141
1.262166
0.462745
-1.009798
0.595718
1.222547
-0.994321
-0.321667
-1.945701
1.578955
-1.365608
-2.704010
-0.755766
-0.840788
-0.518053
-0.275730
0.706747
0.000802
0.601550
-1.673232
0.684196
-0.232253
0.556585
-0.570825
0.196908
-0.310722
-0.758048
-1.516603
0.922610
-1.910614
-0.068371
-1.291747
-0.232603
1.576906
-2.043938
-0.296311
-0.116011
-0.872627
-1.350459
2.010692
-0.681034
-0.638513
-0.296089
0.122348
-0.161161
-1.138459
0.361336
-0.550328
-0.966294
-0.718729
-0.164595
-1.002162
1.793822
0.667325
-0.959846
0.164788
-0.771968
-0.856010
1.874870
-0.227407
0.324799
0.690488
1.033896
1.710074
-0.273263
-2.274012
0.043468
0.707567
0.692111
-0.261220
0.471535
-1.792437
-1.017797
1.154800
0.852055
0.091497
-1.672356
-0.015268
-0.101888
0.376986
-0.050020
-0.650311
-0.746751
0.250691
0.303463
-0.759557
1.077738
1.242721
-1.097067
-0.585943
-1.510515
0.213952
-1.077515
-0.084434
-1.351959
-0.849039
1.627104
-0.947186
1.891464
-0.771832
-2.424476
-0.167592
-0.505725
0.347802
-0.093253
-0.407282
1.121169
0.600698
0.297231
-0.281539
1.499325
-0.838627
0.465535
-0.018983
-0.465446
-0.497482
-1.408976
0.966218
0.459420
2.231178
0.463995
0.759622
-0.646629
0.932228
0.263112
1.338936
-1.763283
1.687791
0.826931
-0.590986
-0.078633
0.985355
0.796706
-0.434294
0.606929
1.099639
-2.152072
-0.584643
-0.603746
-0.174213
1.368648
1.038694
0.223281
1.565217
1.418519
0.575249
0.185279
-2.804113
-0.554648
0.495792
-1.361001
0.878806
2.334350
-0.132704
0.706666
0.280864
2.463890
2.253304
0.993120
-0.272774
-0.391877
0.498813
-0.264176
-0.374037
-0.147188
0.204137
0.027226
0.031036
1.363311
0.477182
-0.471364
-1.465787
1.521347
0.647852
0.482506
-1.356759
0.802353
0.911553
-0.971599
-1.800143
1.025960
-1.405961
-0.574313
1.158384
0.720533
-1.150517
0.826885
1.281157
1.572942
-0.983161
0.245206
0.096498
0.788196
-0.179434
1.034087
1.592075
1.034516
0.223837
0.089927
-1.434466
-3.392421
0.717239
0.602623
1.992727
-0.035474
1.582032
1.030242
0.363199
0.474594
-0.470311
0.241190
0.634864
0.859547
1.275595
0.080838
-1.122754
-0.590883
1.613798
0.303433
-0.905857
1.433633
0.694926
0.105395
1.242747
0.487070
-0.266289
0.229780
0.574989
0.177082
-0.362723
-0.536128
-1.501766
-1.814100
-0.520867
1.349580
1.137082
-0.905530
0.355612
-0.181534
-0.504027
0.192201
-0.992961
0.206564
-0.249170
-0.209289
0.326505
-0.507857
-0.619961
-0.334574
-0.109478
1.209322
0.332089
-0.263955
0.732924
0.606370
0.055244
-0.161445
-1.322545
1.816793
1.664539
0.931427
-0.791495
-0.282627
0.628316
1.002627
-0.555474
0.173072
0.110949
-0.550406
-0.254404
-0.195418
0.551892
0.074833
1.470795
0.147323
2.488076
0.614888
-1.712725
-0.489309
-1.091988
-0.431051
-0.515921
0.649709
-1.175735
0.992663
0.304425
-0.981526
-0.920971
2.060388
0.496248
1.949781
-0.022786
0.125974
1.084863
2.094896
-1.767420
-0.330029
-0.128492
0.623776
-0.674793
-0.342882
0.133179
1.000140
-1.578442
-1.798676
-0.536207
-0.059730
0.246098
-0.523615
2.277287
-1.324164
2.469243
